-1.303000000000000000e+03
-1.109000000000000000e+03
-1.316000000000000000e+03
-9.990000000000000000e+02
-9.990000000000000000e+02
-1.004000000000000000e+03
-1.097000000000000000e+03
-1.090000000000000000e+03
-1.320000000000000000e+03
-1.095000000000000000e+03
-1.007000000000000000e+03
-9.990000000000000000e+02
-1.108000000000000000e+03
-1.105000000000000000e+03
-9.990000000000000000e+02
-1.102000000000000000e+03
-9.990000000000000000e+02
-1.014000000000000000e+03
-1.218000000000000000e+03
-1.301000000000000000e+03
-1.107000000000000000e+03
-1.102000000000000000e+03
-1.090000000000000000e+03
-1.261000000000000000e+03
-1.096000000000000000e+03
-1.111000000000000000e+03
-1.096000000000000000e+03
-1.095000000000000000e+03
-1.011000000000000000e+03
-1.106000000000000000e+03
-1.095000000000000000e+03
-1.005000000000000000e+03
-1.004000000000000000e+03
-1.106000000000000000e+03
-1.103000000000000000e+03
-1.090000000000000000e+03
-1.213000000000000000e+03
-1.333000000000000000e+03
-1.026000000000000000e+03
-1.007000000000000000e+03
-1.614000000000000000e+03
-1.113000000000000000e+03
-1.021000000000000000e+03
-1.096000000000000000e+03
-1.207000000000000000e+03
-1.207000000000000000e+03
-1.011000000000000000e+03
-1.199000000000000000e+03
-1.242000000000000000e+03
-1.015000000000000000e+03
-1.325000000000000000e+03
-9.990000000000000000e+02
-1.106000000000000000e+03
-1.008000000000000000e+03
-1.095000000000000000e+03
-1.090000000000000000e+03
-1.097000000000000000e+03
-1.102000000000000000e+03
-1.110000000000000000e+03
-1.010000000000000000e+03
-1.304000000000000000e+03
-1.096000000000000000e+03
-9.990000000000000000e+02
-1.413000000000000000e+03
-1.117000000000000000e+03
-1.021000000000000000e+03
-1.007000000000000000e+03
-1.099000000000000000e+03
-1.011000000000000000e+03
-1.122000000000000000e+03
-1.097000000000000000e+03
-1.005000000000000000e+03
-9.990000000000000000e+02
-1.098000000000000000e+03
-1.141000000000000000e+03
-1.108000000000000000e+03
-1.121000000000000000e+03
-1.249000000000000000e+03
-1.210000000000000000e+03
-1.010000000000000000e+03
-1.021000000000000000e+03
-1.309000000000000000e+03
-1.102000000000000000e+03
-1.318000000000000000e+03
-1.323000000000000000e+03
-1.010000000000000000e+03
-1.101000000000000000e+03
-1.108000000000000000e+03
-1.234000000000000000e+03
-1.090000000000000000e+03
-1.216000000000000000e+03
-1.124000000000000000e+03
-1.029000000000000000e+03
-1.012000000000000000e+03
-1.209000000000000000e+03
-9.990000000000000000e+02
-1.218000000000000000e+03
-1.113000000000000000e+03
-1.112000000000000000e+03
-1.011000000000000000e+03
-1.512000000000000000e+03
-1.124000000000000000e+03
-1.128000000000000000e+03
-1.332000000000000000e+03
-1.214000000000000000e+03
-1.209000000000000000e+03
-1.314000000000000000e+03
-1.213000000000000000e+03
-1.097000000000000000e+03
-1.331000000000000000e+03
-1.302000000000000000e+03
-1.125000000000000000e+03
-1.102000000000000000e+03
-1.287000000000000000e+03
-1.212000000000000000e+03
-1.012000000000000000e+03
-1.004000000000000000e+03
-1.129000000000000000e+03
-1.108000000000000000e+03
-1.022000000000000000e+03
-1.004000000000000000e+03
-1.098000000000000000e+03
-1.019000000000000000e+03
-1.090000000000000000e+03
-1.199000000000000000e+03
-1.213000000000000000e+03
-9.990000000000000000e+02
-1.200000000000000000e+03
-1.004000000000000000e+03
-9.990000000000000000e+02
-1.209000000000000000e+03
-1.301000000000000000e+03
-1.212000000000000000e+03
-1.024000000000000000e+03
-1.224000000000000000e+03
-1.108000000000000000e+03
-1.200000000000000000e+03
-1.209000000000000000e+03
-1.201000000000000000e+03
-1.012000000000000000e+03
-9.990000000000000000e+02
-1.090000000000000000e+03
-1.215000000000000000e+03
-1.150000000000000000e+03
-1.616000000000000000e+03
-1.012000000000000000e+03
-1.110000000000000000e+03
-1.131000000000000000e+03
-1.014000000000000000e+03
-1.402000000000000000e+03
-1.022000000000000000e+03
-1.097000000000000000e+03
-1.102000000000000000e+03
-1.021000000000000000e+03
-1.090000000000000000e+03
-1.090000000000000000e+03
-1.107000000000000000e+03
-1.011000000000000000e+03
-1.126000000000000000e+03
-1.138000000000000000e+03
-1.025000000000000000e+03
-1.026000000000000000e+03
-1.218000000000000000e+03
-1.209000000000000000e+03
-1.023000000000000000e+03
-1.020000000000000000e+03
-1.214000000000000000e+03
-1.021000000000000000e+03
-1.020000000000000000e+03
-1.014000000000000000e+03
-9.990000000000000000e+02
-1.090000000000000000e+02
-1.205000000000000000e+03
-1.123000000000000000e+03
-1.018000000000000000e+03
-1.223000000000000000e+03
-1.117000000000000000e+03
-1.020000000000000000e+03
-1.212000000000000000e+03
-1.011000000000000000e+03
-1.019000000000000000e+03
-1.031000000000000000e+03
-1.408000000000000000e+03
-1.114000000000000000e+03
-1.007000000000000000e+03
-1.209000000000000000e+03
-1.095000000000000000e+03
-1.035000000000000000e+03
-1.007000000000000000e+03
-1.090000000000000000e+03
-1.201000000000000000e+03
-1.103000000000000000e+03
-1.115000000000000000e+03
-1.090000000000000000e+03
-1.325000000000000000e+03
-9.990000000000000000e+02
-1.019000000000000000e+03
-1.019000000000000000e+03
-1.042000000000000000e+03
-1.007000000000000000e+03
-1.022000000000000000e+03
-1.096000000000000000e+03
-1.199000000000000000e+03
-9.990000000000000000e+02
-1.130000000000000000e+03
-1.295000000000000000e+03
-1.090000000000000000e+03
-1.109000000000000000e+03
-9.990000000000000000e+02
-1.319000000000000000e+03
-1.216000000000000000e+03
-1.231000000000000000e+03
-1.117000000000000000e+03
-1.036000000000000000e+03
-1.209000000000000000e+03
-1.114000000000000000e+03
-1.131000000000000000e+03
-1.090000000000000000e+03
-1.215000000000000000e+03
-1.005000000000000000e+03
-1.120000000000000000e+03
-1.090000000000000000e+03
-1.014000000000000000e+03
-1.219000000000000000e+03
-1.143000000000000000e+03
-1.150000000000000000e+03
-1.210000000000000000e+03
-1.212000000000000000e+03
-1.009000000000000000e+03
-1.017000000000000000e+03
-1.119000000000000000e+03
-1.268000000000000000e+03
-1.011000000000000000e+03
-1.030000000000000000e+03
-1.009000000000000000e+03
-1.020000000000000000e+03
-1.098000000000000000e+03
-1.101000000000000000e+03
-1.095000000000000000e+03
-1.217000000000000000e+03
-1.315000000000000000e+03
-1.332000000000000000e+03
-1.090000000000000000e+03
-1.114000000000000000e+03
-1.632000000000000000e+03
-1.097000000000000000e+03
-1.010000000000000000e+03
-1.118000000000000000e+03
-1.260000000000000000e+03
-1.146000000000000000e+03
-1.016000000000000000e+03
-1.115000000000000000e+03
-1.232000000000000000e+03
-9.990000000000000000e+02
-1.021000000000000000e+03
-1.033000000000000000e+03
-1.206000000000000000e+03
-1.019000000000000000e+03
-1.107000000000000000e+03
-1.100000000000000000e+03
-1.045000000000000000e+03
-1.303000000000000000e+03
-1.109000000000000000e+03
-1.215000000000000000e+03
-1.029000000000000000e+03
-1.090000000000000000e+03
-1.090000000000000000e+03
-1.017000000000000000e+03
-1.022000000000000000e+03
-1.209000000000000000e+03
-1.033000000000000000e+03
-1.107000000000000000e+03
-1.109000000000000000e+03
-1.206000000000000000e+03
-1.020000000000000000e+03
-9.990000000000000000e+02
-1.112000000000000000e+03
-1.206000000000000000e+03
-1.352000000000000000e+03
-1.108000000000000000e+03
-1.102000000000000000e+03
-1.022000000000000000e+03
-1.131000000000000000e+03
-1.225000000000000000e+03
-1.222000000000000000e+03
-1.118000000000000000e+03
-1.018000000000000000e+03
-1.213000000000000000e+03
-1.025000000000000000e+03
-1.018000000000000000e+03
-1.109000000000000000e+03
-8.000000000000000000e+00
-1.011000000000000000e+03
-1.423000000000000000e+03
-1.118000000000000000e+03
-1.108000000000000000e+03
-1.028000000000000000e+03
-1.121000000000000000e+03
-1.016000000000000000e+03
-1.118000000000000000e+03
-1.021000000000000000e+03
-1.237000000000000000e+03
-1.015000000000000000e+03
-1.212000000000000000e+03
-1.007000000000000000e+03
-1.108000000000000000e+03
-1.312000000000000000e+03
-1.106000000000000000e+03
-1.017000000000000000e+03
-1.204000000000000000e+03
-1.301000000000000000e+03
-1.184000000000000000e+03
-1.011000000000000000e+03
-1.234000000000000000e+03
-8.000000000000000000e+00
-1.102000000000000000e+03
-1.012000000000000000e+03
-1.005000000000000000e+03
-1.117000000000000000e+03
-1.191000000000000000e+03
-1.117000000000000000e+03
-1.211000000000000000e+03
-1.007000000000000000e+03
-1.124000000000000000e+03
-1.112000000000000000e+03
-1.004000000000000000e+03
-1.011000000000000000e+03
-1.110000000000000000e+03
-1.316000000000000000e+03
-8.000000000000000000e+00
-1.012000000000000000e+03
-1.021000000000000000e+03
-1.017000000000000000e+03
-1.231000000000000000e+03
-1.096000000000000000e+03
-8.000000000000000000e+00
-1.114000000000000000e+03
-1.090000000000000000e+03
-1.107000000000000000e+03
-8.000000000000000000e+00
-1.114000000000000000e+03
-1.108000000000000000e+03
-1.102000000000000000e+03
-1.098000000000000000e+03
-1.103000000000000000e+03
-1.098000000000000000e+03
-1.016000000000000000e+03
-1.404000000000000000e+03
-1.103000000000000000e+03
-1.025000000000000000e+03
-1.021000000000000000e+03
-1.009000000000000000e+03
-8.000000000000000000e+00
-1.205000000000000000e+03
-1.007000000000000000e+03
-1.235000000000000000e+03
-8.000000000000000000e+00
-1.311000000000000000e+03
-1.020000000000000000e+02
-3.850000000000000000e+02
-8.000000000000000000e+00
-1.115000000000000000e+03
-1.112000000000000000e+03
-9.800000000000000000e+01
-8.000000000000000000e+00
-1.118000000000000000e+03
-1.095000000000000000e+03
-1.015000000000000000e+03
-1.108000000000000000e+03
-1.016000000000000000e+03
-1.011000000000000000e+03
-1.122000000000000000e+03
-1.250000000000000000e+03
-8.000000000000000000e+00
-1.120000000000000000e+03
-1.231000000000000000e+03
-1.090000000000000000e+02
-8.000000000000000000e+00
-9.900000000000000000e+01
-1.302000000000000000e+03
-1.017000000000000000e+03
-1.016000000000000000e+03
-8.000000000000000000e+00
-1.180000000000000000e+02
-8.000000000000000000e+00
-1.800000000000000000e+01
-1.007000000000000000e+03
-1.125000000000000000e+03
-1.097000000000000000e+03
-1.600000000000000000e+01
-8.000000000000000000e+00
-1.108000000000000000e+03
-1.141000000000000000e+03
-1.019000000000000000e+03
-1.103000000000000000e+03
-1.007000000000000000e+03
-1.012000000000000000e+03
-1.107000000000000000e+03
-1.012000000000000000e+03
-1.016000000000000000e+03
-1.007000000000000000e+03
-2.000000000000000000e+01
-1.115000000000000000e+03
-1.117000000000000000e+03
-9.990000000000000000e+02
-1.103000000000000000e+03
-8.000000000000000000e+00
-8.000000000000000000e+00
-8.000000000000000000e+00
-1.115000000000000000e+03
-1.090000000000000000e+03
-1.090000000000000000e+03
-9.990000000000000000e+02
-1.115000000000000000e+03
-1.098000000000000000e+03
-9.990000000000000000e+02
-8.000000000000000000e+00
-1.012000000000000000e+03
-1.211000000000000000e+03
-1.012000000000000000e+03
-1.213000000000000000e+03
-1.010000000000000000e+02
-8.000000000000000000e+00
-1.098000000000000000e+03
-1.500000000000000000e+01
-8.000000000000000000e+00
-8.000000000000000000e+00
-1.125000000000000000e+03
-9.990000000000000000e+02
-1.500000000000000000e+01
-1.109000000000000000e+03
-8.000000000000000000e+00
-1.216000000000000000e+03
-1.090000000000000000e+03
-1.098000000000000000e+03
-1.007000000000000000e+03
-1.210000000000000000e+02
-1.090000000000000000e+02
-1.414000000000000000e+03
-1.206000000000000000e+03
-1.012000000000000000e+03
-8.000000000000000000e+00
-1.227000000000000000e+03
-8.000000000000000000e+00
-1.130000000000000000e+02
-8.000000000000000000e+00
-8.000000000000000000e+00
-7.000000000000000000e+00
-9.990000000000000000e+02
-8.000000000000000000e+00
-8.000000000000000000e+00
-1.021000000000000000e+03
-2.160000000000000000e+02
-1.050000000000000000e+02
-2.400000000000000000e+01
-8.000000000000000000e+00
-1.325000000000000000e+03
-1.012000000000000000e+03
-1.007000000000000000e+03
-1.098000000000000000e+03
-8.000000000000000000e+00
-1.012000000000000000e+03
-8.000000000000000000e+00
-1.231000000000000000e+03
-7.000000000000000000e+00
-8.000000000000000000e+00
-1.012000000000000000e+03
-9.990000000000000000e+02
-8.000000000000000000e+00
-1.012000000000000000e+03
-1.007000000000000000e+03
-9.990000000000000000e+02
-8.000000000000000000e+00
-1.098000000000000000e+03
-1.125000000000000000e+03
-1.000000000000000000e+02
-8.000000000000000000e+00
-1.103000000000000000e+03
-1.115000000000000000e+03
-1.209000000000000000e+03
-1.120000000000000000e+03
-1.109000000000000000e+03
-1.090000000000000000e+02
-1.007000000000000000e+03
-1.314000000000000000e+03
-8.000000000000000000e+00
-9.990000000000000000e+02
-1.107000000000000000e+03
-1.115000000000000000e+03
-9.990000000000000000e+02
-1.090000000000000000e+03
-1.090000000000000000e+02
-8.000000000000000000e+00
-8.000000000000000000e+00
-1.190000000000000000e+02
-1.108000000000000000e+03
-8.000000000000000000e+00
-1.012000000000000000e+03
-8.000000000000000000e+00
-1.110000000000000000e+02
-1.114000000000000000e+03
-2.060000000000000000e+02
-1.090000000000000000e+03
-8.000000000000000000e+00
-1.016000000000000000e+03
-1.116000000000000000e+03
-1.098000000000000000e+03
-1.012000000000000000e+03
-8.000000000000000000e+00
-1.115000000000000000e+03
-8.000000000000000000e+00
-8.000000000000000000e+00
-9.000000000000000000e+00
-8.000000000000000000e+00
-1.021000000000000000e+03
-8.000000000000000000e+00
-1.800000000000000000e+01
-1.118000000000000000e+03
-1.100000000000000000e+01
-8.000000000000000000e+00
-9.900000000000000000e+01
-1.113000000000000000e+03
-1.103000000000000000e+03
-1.012000000000000000e+03
-1.080000000000000000e+02
-1.123000000000000000e+03
-1.016000000000000000e+03
-2.000000000000000000e+01
-1.199000000000000000e+03
-1.090000000000000000e+03
-8.000000000000000000e+00
-1.090000000000000000e+03
-1.115000000000000000e+03
-1.090000000000000000e+03
-2.100000000000000000e+01
-1.109000000000000000e+03
-1.114000000000000000e+03
-1.010000000000000000e+03
-2.030000000000000000e+02
-1.060000000000000000e+02
-8.000000000000000000e+00
-8.000000000000000000e+00
-8.000000000000000000e+00
-1.098000000000000000e+03
-8.000000000000000000e+00
-1.311000000000000000e+03
-1.207000000000000000e+03
-1.120000000000000000e+02
-1.090000000000000000e+03
-1.007000000000000000e+03
-1.200000000000000000e+01
-8.000000000000000000e+00
-1.211000000000000000e+03
-8.000000000000000000e+00
-8.000000000000000000e+00
-1.107000000000000000e+03
-8.000000000000000000e+00
-8.000000000000000000e+00
-1.017000000000000000e+03
-1.007000000000000000e+03
-1.200000000000000000e+01
-1.015000000000000000e+03
-8.000000000000000000e+00
-1.007000000000000000e+03
-8.000000000000000000e+00
-1.103000000000000000e+03
-8.000000000000000000e+00
-1.010000000000000000e+02
-8.000000000000000000e+00
-1.090000000000000000e+03
-8.000000000000000000e+00
-8.000000000000000000e+00
-1.090000000000000000e+03
-8.000000000000000000e+00
-1.007000000000000000e+03
-1.017000000000000000e+03
-1.107000000000000000e+03
-8.000000000000000000e+00
-1.016000000000000000e+03
-1.500000000000000000e+01
-8.000000000000000000e+00
-1.007000000000000000e+03
-1.103000000000000000e+03
-8.000000000000000000e+00
-8.000000000000000000e+00
-1.028000000000000000e+03
-8.000000000000000000e+00
-1.327000000000000000e+03
-8.000000000000000000e+00
-8.000000000000000000e+00
-1.007000000000000000e+03
-8.000000000000000000e+00
-1.018000000000000000e+03
-1.097000000000000000e+03
-1.217000000000000000e+03
-8.000000000000000000e+00
-1.007000000000000000e+03
-1.090000000000000000e+03
-8.000000000000000000e+00
-8.000000000000000000e+00
-1.000000000000000000e+02
-8.000000000000000000e+00
-8.000000000000000000e+00
-1.204000000000000000e+03
-1.229000000000000000e+03
-8.000000000000000000e+00
-1.021000000000000000e+03
-1.100000000000000000e+02
-1.017000000000000000e+03
-8.000000000000000000e+00
-1.140000000000000000e+02
-9.990000000000000000e+02
-1.132000000000000000e+03
-9.900000000000000000e+01
-1.900000000000000000e+01
-9.990000000000000000e+02
-2.600000000000000000e+01
-1.007000000000000000e+03
-1.010000000000000000e+02
-8.000000000000000000e+00
-1.110000000000000000e+03
-1.214000000000000000e+03
-8.000000000000000000e+00
-1.111000000000000000e+03
-1.098000000000000000e+03
-1.103000000000000000e+03
-1.007000000000000000e+03
-1.016000000000000000e+03
-1.102000000000000000e+03
-1.090000000000000000e+03
-8.000000000000000000e+00
-8.000000000000000000e+00
-9.990000000000000000e+02
-1.007000000000000000e+03
-8.000000000000000000e+00
-8.000000000000000000e+00
-8.000000000000000000e+00
-8.000000000000000000e+00
-8.000000000000000000e+00
-1.107000000000000000e+03
-1.116000000000000000e+03
-8.000000000000000000e+00
-1.012000000000000000e+03
-8.000000000000000000e+00
-9.990000000000000000e+02
-8.000000000000000000e+00
-1.108000000000000000e+03
-1.107000000000000000e+03
-1.097000000000000000e+03
-1.103000000000000000e+03
-1.113000000000000000e+03
-1.107000000000000000e+03
-8.000000000000000000e+00
-1.025000000000000000e+03
-8.000000000000000000e+00
-1.101000000000000000e+03
-1.128000000000000000e+03
-1.114000000000000000e+03
-1.115000000000000000e+03
-9.990000000000000000e+02
-1.007000000000000000e+03
-7.000000000000000000e+00
-1.130000000000000000e+02
-1.007000000000000000e+03
-8.000000000000000000e+00
-1.115000000000000000e+03
-8.000000000000000000e+00
-1.090000000000000000e+03
-1.210000000000000000e+02
-1.121000000000000000e+03
-8.000000000000000000e+00
-1.016000000000000000e+03
-8.000000000000000000e+00
-1.100000000000000000e+01
-1.103000000000000000e+03
-1.007000000000000000e+03
-8.000000000000000000e+00
-1.030000000000000000e+02
-8.000000000000000000e+00
-1.097000000000000000e+03
-8.000000000000000000e+00
-8.000000000000000000e+00
-8.000000000000000000e+00
-1.007000000000000000e+03
-1.016000000000000000e+03
-8.000000000000000000e+00
-8.000000000000000000e+00
-1.115000000000000000e+03
-1.090000000000000000e+03
-1.120000000000000000e+02
-9.990000000000000000e+02
-1.007000000000000000e+03
-1.117000000000000000e+03
-8.000000000000000000e+00
-9.990000000000000000e+02
-8.000000000000000000e+00
-9.990000000000000000e+02
-8.000000000000000000e+00
-1.114000000000000000e+03
-1.012000000000000000e+03
-1.110000000000000000e+03
-1.186000000000000000e+03
-1.016000000000000000e+03
-1.130000000000000000e+02
-1.007000000000000000e+03
-1.102000000000000000e+03
-1.210000000000000000e+02
-8.000000000000000000e+00
-9.990000000000000000e+02
-9.990000000000000000e+02
-1.018000000000000000e+03
-8.000000000000000000e+00
-1.107000000000000000e+03
-8.000000000000000000e+00
-1.115000000000000000e+03
-1.200000000000000000e+02
-9.990000000000000000e+02
-8.000000000000000000e+00
-8.000000000000000000e+00
-1.012000000000000000e+03
-1.032000000000000000e+03
-9.990000000000000000e+02
-1.060000000000000000e+02
-8.000000000000000000e+00
-8.000000000000000000e+00
-1.012000000000000000e+03
-1.007000000000000000e+03
-8.000000000000000000e+00
-1.108000000000000000e+03
-1.007000000000000000e+03
-1.100000000000000000e+02
-8.000000000000000000e+00
-1.108000000000000000e+03
-1.130000000000000000e+02
-9.990000000000000000e+02
-8.000000000000000000e+00
-1.039000000000000000e+03
-1.120000000000000000e+02
-1.202000000000000000e+03
-8.000000000000000000e+00
-8.000000000000000000e+00
-8.000000000000000000e+00
-8.000000000000000000e+00
-1.600000000000000000e+01
-8.000000000000000000e+00
-8.000000000000000000e+00
-2.340000000000000000e+02
-1.012000000000000000e+03
-8.000000000000000000e+00
-1.080000000000000000e+02
-1.017000000000000000e+03
-1.000000000000000000e+01
-1.115000000000000000e+03
-1.012000000000000000e+03
-9.990000000000000000e+02
-1.017000000000000000e+03
-1.007000000000000000e+03
-1.007000000000000000e+03
-1.108000000000000000e+03
-1.017000000000000000e+03
-1.016000000000000000e+03
-8.000000000000000000e+00
-1.097000000000000000e+03
-1.017000000000000000e+03
-8.000000000000000000e+00
-8.000000000000000000e+00
-8.000000000000000000e+00
-1.130000000000000000e+02
-8.000000000000000000e+00
-8.000000000000000000e+00
-9.800000000000000000e+01
-1.000000000000000000e+01
-8.000000000000000000e+00
-2.000000000000000000e+01
-8.000000000000000000e+00
-1.920000000000000000e+02
-1.107000000000000000e+03
-1.211000000000000000e+03
-1.225000000000000000e+03
-1.060000000000000000e+02
-8.000000000000000000e+00
-1.016000000000000000e+03
-8.000000000000000000e+00
-1.020000000000000000e+02
-1.110000000000000000e+03
-8.000000000000000000e+00
-1.140000000000000000e+03
-8.000000000000000000e+00
-1.007000000000000000e+03
-1.000000000000000000e+01
-1.007000000000000000e+03
-8.000000000000000000e+00
-8.000000000000000000e+00
-1.121000000000000000e+03
-1.012000000000000000e+03
-8.000000000000000000e+00
-1.007000000000000000e+03
-1.017000000000000000e+03
-8.000000000000000000e+00
-1.114000000000000000e+03
-2.600000000000000000e+01
-1.119000000000000000e+03
-8.000000000000000000e+00
-1.017000000000000000e+03
-1.160000000000000000e+02
-2.000000000000000000e+02
-8.000000000000000000e+00
-8.000000000000000000e+00
-1.090000000000000000e+03
-1.017000000000000000e+03
-1.012000000000000000e+03
-8.000000000000000000e+00
-8.000000000000000000e+00
-1.103000000000000000e+03
-1.296000000000000000e+03
-1.112000000000000000e+03
-1.207000000000000000e+03
-1.120000000000000000e+02
-1.920000000000000000e+02
-9.990000000000000000e+02
-1.007000000000000000e+03
-8.000000000000000000e+00
-1.016000000000000000e+03
-1.107000000000000000e+03
-1.103000000000000000e+03
-8.000000000000000000e+00
-8.000000000000000000e+00
-8.000000000000000000e+00
-1.800000000000000000e+01
-8.000000000000000000e+00
-1.039000000000000000e+03
-1.114000000000000000e+03
-8.000000000000000000e+00
-1.113000000000000000e+03
-7.000000000000000000e+00
-1.100000000000000000e+02
-1.060000000000000000e+02
-8.000000000000000000e+00
-8.000000000000000000e+00
-8.000000000000000000e+00
-1.103000000000000000e+03
-1.090000000000000000e+02
-1.107000000000000000e+03
-1.110000000000000000e+03
-8.000000000000000000e+00
-8.000000000000000000e+00
-1.309000000000000000e+03
-1.070000000000000000e+02
-1.010000000000000000e+02
-2.000000000000000000e+01
-8.000000000000000000e+00
-1.017000000000000000e+03
-8.000000000000000000e+00
-1.007000000000000000e+03
-1.126000000000000000e+03
-8.000000000000000000e+00
-1.600000000000000000e+01
-1.270000000000000000e+02
-8.000000000000000000e+00
-1.090000000000000000e+03
-1.007000000000000000e+03
-1.097000000000000000e+03
-8.000000000000000000e+00
-1.900000000000000000e+01
-9.990000000000000000e+02
-1.060000000000000000e+02
-8.000000000000000000e+00
-8.000000000000000000e+00
-8.000000000000000000e+00
-1.000000000000000000e+01
-8.000000000000000000e+00
-8.000000000000000000e+00
-8.000000000000000000e+00
-8.000000000000000000e+00
-2.000000000000000000e+01
-9.900000000000000000e+01
-1.097000000000000000e+03
-1.017000000000000000e+03
-9.990000000000000000e+02
-1.012000000000000000e+03
-9.990000000000000000e+02
-8.000000000000000000e+00
-1.070000000000000000e+02
-7.000000000000000000e+00
-1.250000000000000000e+02
-8.000000000000000000e+00
-1.098000000000000000e+03
-8.000000000000000000e+00
-8.000000000000000000e+00
-1.007000000000000000e+03
-9.990000000000000000e+02
-1.500000000000000000e+01
-1.800000000000000000e+01
-1.110000000000000000e+03
-1.070000000000000000e+02
-8.000000000000000000e+00
-1.000000000000000000e+02
-1.107000000000000000e+03
-8.000000000000000000e+00
-8.000000000000000000e+00
-1.012000000000000000e+03
-2.250000000000000000e+02
-1.090000000000000000e+03
-1.350000000000000000e+02
-9.990000000000000000e+02
-1.110000000000000000e+03
-9.000000000000000000e+00
-1.114000000000000000e+03
-8.000000000000000000e+00
-1.210000000000000000e+02
-1.210000000000000000e+02
-8.000000000000000000e+00
-8.000000000000000000e+00
-1.097000000000000000e+03
-1.115000000000000000e+03
-8.000000000000000000e+00
-8.000000000000000000e+00
-8.000000000000000000e+00
-8.000000000000000000e+00
-1.317000000000000000e+03
-8.000000000000000000e+00
-1.090000000000000000e+02
-8.000000000000000000e+00
-8.000000000000000000e+00
-1.098000000000000000e+03
-1.103000000000000000e+03
-1.225000000000000000e+03
-1.130000000000000000e+02
-1.016000000000000000e+03
-1.118000000000000000e+03
-1.103000000000000000e+03
-1.007000000000000000e+03
-8.000000000000000000e+00
-9.990000000000000000e+02
-1.900000000000000000e+01
-8.000000000000000000e+00
-1.218000000000000000e+03
-8.000000000000000000e+00
-8.000000000000000000e+00
-3.000000000000000000e+01
-1.200000000000000000e+01
-1.108000000000000000e+03
-8.000000000000000000e+00
-3.110000000000000000e+02
-1.017000000000000000e+03
-1.096000000000000000e+03
-1.025000000000000000e+03
-8.000000000000000000e+00
-9.990000000000000000e+02
-1.208000000000000000e+03
-1.100000000000000000e+01
-1.115000000000000000e+03
-9.000000000000000000e+00
-1.012000000000000000e+03
-1.800000000000000000e+01
-1.016000000000000000e+03
-8.000000000000000000e+00
-8.000000000000000000e+00
-8.000000000000000000e+00
-8.000000000000000000e+00
-8.000000000000000000e+00
-1.125000000000000000e+03
-1.012000000000000000e+03
-8.000000000000000000e+00
-1.016000000000000000e+03
-8.000000000000000000e+00
-8.000000000000000000e+00
-2.040000000000000000e+02
-1.007000000000000000e+03
-8.000000000000000000e+00
-8.000000000000000000e+00
-8.000000000000000000e+00
-5.600000000000000000e+01
-9.000000000000000000e+00
-1.115000000000000000e+03
-1.017000000000000000e+03
-1.012000000000000000e+03
-1.012000000000000000e+03
-1.016000000000000000e+03
-1.007000000000000000e+03
-8.000000000000000000e+00
-1.012000000000000000e+03
-8.000000000000000000e+00
-8.000000000000000000e+00
-8.000000000000000000e+00
-1.120000000000000000e+02
-1.107000000000000000e+03
-1.200000000000000000e+01
-1.187000000000000000e+03
-1.103000000000000000e+03
-1.012000000000000000e+03
-8.000000000000000000e+00
-1.114000000000000000e+03
-1.319000000000000000e+03
-1.017000000000000000e+03
-1.100000000000000000e+01
-9.990000000000000000e+02
-1.130000000000000000e+02
-1.103000000000000000e+03
-8.000000000000000000e+00
-1.097000000000000000e+03
-1.110000000000000000e+03
-1.017000000000000000e+03
-1.070000000000000000e+02
-8.000000000000000000e+00
-8.000000000000000000e+00
-9.900000000000000000e+01
-1.800000000000000000e+01
-1.007000000000000000e+03
-8.000000000000000000e+00
-1.310000000000000000e+03
-8.000000000000000000e+00
-1.098000000000000000e+03
-1.199000000000000000e+03
-8.000000000000000000e+00
-1.110000000000000000e+03
-1.120000000000000000e+02
-1.210000000000000000e+02
-1.012000000000000000e+03
-8.000000000000000000e+00
-8.000000000000000000e+00
-1.020000000000000000e+02
-1.214000000000000000e+03
-8.000000000000000000e+00
-1.103000000000000000e+03
-1.100000000000000000e+01
-1.097000000000000000e+03
-1.108000000000000000e+03
-8.000000000000000000e+00
-8.000000000000000000e+00
-1.103000000000000000e+03
-8.000000000000000000e+00
-1.012000000000000000e+03
-1.114000000000000000e+03
-8.000000000000000000e+00
-1.007000000000000000e+03
-8.000000000000000000e+00
-1.017000000000000000e+03
-8.000000000000000000e+00
-1.090000000000000000e+03
-9.990000000000000000e+02
-1.060000000000000000e+02
-8.000000000000000000e+00
-1.016000000000000000e+03
-1.090000000000000000e+03
-1.113000000000000000e+03
-8.000000000000000000e+00
-8.000000000000000000e+00
-1.012000000000000000e+03
-1.070000000000000000e+02
-9.990000000000000000e+02
-1.012000000000000000e+03
-1.012000000000000000e+03
-8.000000000000000000e+00
-9.990000000000000000e+02
-8.000000000000000000e+00
-8.000000000000000000e+00
-1.020000000000000000e+03
-8.000000000000000000e+00
-9.990000000000000000e+02
-8.000000000000000000e+00
-1.119000000000000000e+03
-8.000000000000000000e+00
-1.007000000000000000e+03
-1.025000000000000000e+03
-8.000000000000000000e+00
-1.108000000000000000e+03
-1.213000000000000000e+03
-8.000000000000000000e+00
-8.000000000000000000e+00
-1.114000000000000000e+03
-1.007000000000000000e+03
-8.000000000000000000e+00
-1.116000000000000000e+03
-1.016000000000000000e+03
-8.000000000000000000e+00
-1.136000000000000000e+03
-8.000000000000000000e+00
-1.007000000000000000e+03
-1.130000000000000000e+02
-8.000000000000000000e+00
-2.600000000000000000e+01
-8.000000000000000000e+00
-9.800000000000000000e+01
-8.000000000000000000e+00
-1.007000000000000000e+03
-8.000000000000000000e+00
-8.000000000000000000e+00
-1.118000000000000000e+03
-9.990000000000000000e+02
-1.097000000000000000e+03
-8.000000000000000000e+00
-1.014000000000000000e+03
-8.000000000000000000e+00
-8.000000000000000000e+00
-1.600000000000000000e+01
-8.000000000000000000e+00
-1.115000000000000000e+03
-1.107000000000000000e+03
-1.108000000000000000e+03
-8.000000000000000000e+00
-1.098000000000000000e+03
-8.000000000000000000e+00
-8.000000000000000000e+00
-8.000000000000000000e+00
-8.000000000000000000e+00
-8.000000000000000000e+00
-8.000000000000000000e+00
-1.017000000000000000e+03
-8.000000000000000000e+00
-8.000000000000000000e+00
-8.000000000000000000e+00
-1.012000000000000000e+03
-8.000000000000000000e+00
-1.016000000000000000e+03
-1.208000000000000000e+03
-8.000000000000000000e+00
-1.090000000000000000e+02
-8.000000000000000000e+00
-1.016000000000000000e+03
-9.900000000000000000e+01
-8.000000000000000000e+00
-8.000000000000000000e+00
-8.000000000000000000e+00
-8.000000000000000000e+00
-1.103000000000000000e+03
-8.000000000000000000e+00
-8.000000000000000000e+00
-1.016000000000000000e+03
-8.000000000000000000e+00
-1.007000000000000000e+03
-8.000000000000000000e+00
-9.000000000000000000e+00
-8.000000000000000000e+00
-1.090000000000000000e+02
-1.007000000000000000e+03
-1.012000000000000000e+03
-8.000000000000000000e+00
-1.012000000000000000e+03
-9.990000000000000000e+02
-1.114000000000000000e+03
-8.000000000000000000e+00
-1.012000000000000000e+03
-9.990000000000000000e+02
-1.007000000000000000e+03
-1.280000000000000000e+02
-1.007000000000000000e+03
-1.060000000000000000e+02
-1.600000000000000000e+01
-1.115000000000000000e+03
-8.000000000000000000e+00
-9.990000000000000000e+02
-1.000000000000000000e+01
-2.200000000000000000e+01
-2.000000000000000000e+01
-1.017000000000000000e+03
-1.000000000000000000e+02
-8.000000000000000000e+00
-8.000000000000000000e+00
-1.103000000000000000e+03
-1.017000000000000000e+03
-8.000000000000000000e+00
-8.000000000000000000e+00
-3.000000000000000000e+01
-8.000000000000000000e+00
-9.990000000000000000e+02
-1.016000000000000000e+03
-1.017000000000000000e+03
-1.107000000000000000e+03
-8.000000000000000000e+00
-1.007000000000000000e+03
-8.000000000000000000e+00
-8.000000000000000000e+00
-1.098000000000000000e+03
-2.000000000000000000e+01
-1.115000000000000000e+03
-8.000000000000000000e+00
-1.007000000000000000e+03
-8.000000000000000000e+00
-1.103000000000000000e+03
-1.070000000000000000e+02
-1.313000000000000000e+03
-8.000000000000000000e+00
-8.000000000000000000e+00
-8.000000000000000000e+00
-8.000000000000000000e+00
-8.000000000000000000e+00
-1.012000000000000000e+03
-8.000000000000000000e+00
-1.016000000000000000e+03
-1.007000000000000000e+03
-8.000000000000000000e+00
-1.016000000000000000e+03
-1.016000000000000000e+03
-1.012000000000000000e+03
-8.000000000000000000e+00
-8.000000000000000000e+00
-1.100000000000000000e+02
-8.000000000000000000e+00
-1.910000000000000000e+02
-1.012000000000000000e+03
-1.007000000000000000e+03
-1.103000000000000000e+03
-8.000000000000000000e+00
-1.090000000000000000e+03
-8.000000000000000000e+00
-8.000000000000000000e+00
-8.000000000000000000e+00
-8.000000000000000000e+00
-8.000000000000000000e+00
-9.990000000000000000e+02
-8.000000000000000000e+00
-8.000000000000000000e+00
-8.000000000000000000e+00
-1.101000000000000000e+03
-1.100000000000000000e+02
-1.024000000000000000e+03
-8.000000000000000000e+00
-8.000000000000000000e+00
-9.990000000000000000e+02
-1.012000000000000000e+03
-8.000000000000000000e+00
-1.097000000000000000e+03
-8.000000000000000000e+00
-8.000000000000000000e+00
-1.098000000000000000e+03
-1.007000000000000000e+03
-8.000000000000000000e+00
-1.210000000000000000e+02
-1.007000000000000000e+03
-8.000000000000000000e+00
-8.000000000000000000e+00
-8.000000000000000000e+00
-2.010000000000000000e+02
-8.000000000000000000e+00
-8.000000000000000000e+00
-8.000000000000000000e+00
-1.017000000000000000e+03
-8.000000000000000000e+00
-1.090000000000000000e+03
-9.000000000000000000e+00
-1.100000000000000000e+01
-8.000000000000000000e+00
-8.000000000000000000e+00
-1.222000000000000000e+03
-3.800000000000000000e+01
-1.110000000000000000e+03
-6.100000000000000000e+01
-1.000000000000000000e+01
-8.000000000000000000e+00
-8.000000000000000000e+00
-1.017000000000000000e+03
-8.000000000000000000e+00
-1.180000000000000000e+02
-1.017000000000000000e+03
-1.103000000000000000e+03
-1.280000000000000000e+02
-1.007000000000000000e+03
-1.012000000000000000e+03
-1.000000000000000000e+01
-2.600000000000000000e+01
-1.016000000000000000e+03
-8.000000000000000000e+00
-8.000000000000000000e+00
-7.000000000000000000e+00
-8.000000000000000000e+00
-1.012000000000000000e+03
-1.012000000000000000e+03
-8.000000000000000000e+00
-8.000000000000000000e+00
-8.000000000000000000e+00
-8.000000000000000000e+00
-8.000000000000000000e+00
-1.600000000000000000e+01
-1.117000000000000000e+03
-9.990000000000000000e+02
-1.117000000000000000e+03
-1.007000000000000000e+03
-1.012000000000000000e+03
-8.000000000000000000e+00
-8.000000000000000000e+00
-3.800000000000000000e+01
-1.112000000000000000e+03
-8.000000000000000000e+00
-8.000000000000000000e+00
-1.117000000000000000e+03
-1.007000000000000000e+03
-1.021000000000000000e+03
-8.000000000000000000e+00
-1.007000000000000000e+03
-1.012000000000000000e+03
-1.090000000000000000e+03
-8.000000000000000000e+00
-1.118000000000000000e+03
-8.000000000000000000e+00
-8.000000000000000000e+00
-1.016000000000000000e+03
-1.090000000000000000e+03
-8.000000000000000000e+00
-3.000000000000000000e+01
-8.000000000000000000e+00
-1.030000000000000000e+03
-1.016000000000000000e+03
-8.000000000000000000e+00
-1.007000000000000000e+03
-3.000000000000000000e+01
-8.000000000000000000e+00
-8.000000000000000000e+00
-1.098000000000000000e+03
-1.180000000000000000e+02
-1.103000000000000000e+03
-8.000000000000000000e+00
-8.000000000000000000e+00
-2.000000000000000000e+01
-8.000000000000000000e+00
-8.000000000000000000e+00
-1.600000000000000000e+01
-1.206000000000000000e+03
-1.107000000000000000e+03
-9.990000000000000000e+02
-8.000000000000000000e+00
-8.000000000000000000e+00
-1.017000000000000000e+03
-1.090000000000000000e+02
-1.600000000000000000e+01
-1.016000000000000000e+03
-8.000000000000000000e+00
-8.000000000000000000e+00
-1.017000000000000000e+03
-8.000000000000000000e+00
-8.000000000000000000e+00
-8.000000000000000000e+00
-1.500000000000000000e+01
-8.000000000000000000e+00
-8.000000000000000000e+00
-8.000000000000000000e+00
-8.000000000000000000e+00
-8.000000000000000000e+00
-8.000000000000000000e+00
-1.070000000000000000e+02
-8.000000000000000000e+00
-8.000000000000000000e+00
-8.000000000000000000e+00
-8.000000000000000000e+00
-1.007000000000000000e+03
-8.000000000000000000e+00
-8.000000000000000000e+00
-8.000000000000000000e+00
-8.000000000000000000e+00
-1.012000000000000000e+03
-1.107000000000000000e+03
-1.012000000000000000e+03
-1.000000000000000000e+01
-8.000000000000000000e+00
-1.100000000000000000e+01
-1.016000000000000000e+03
-8.000000000000000000e+00
-8.000000000000000000e+00
-1.600000000000000000e+01
-1.090000000000000000e+03
-1.007000000000000000e+03
-8.000000000000000000e+00
-8.000000000000000000e+00
-8.000000000000000000e+00
-8.000000000000000000e+00
-1.221000000000000000e+03
-8.000000000000000000e+00
-9.800000000000000000e+01
-8.000000000000000000e+00
-1.187000000000000000e+03
-1.800000000000000000e+01
-1.070000000000000000e+02
-8.000000000000000000e+00
-8.000000000000000000e+00
-9.990000000000000000e+02
-8.000000000000000000e+00
-8.000000000000000000e+00
-8.000000000000000000e+00
-8.000000000000000000e+00
-8.000000000000000000e+00
-2.600000000000000000e+01
-8.000000000000000000e+00
-1.108000000000000000e+03
-8.000000000000000000e+00
-8.000000000000000000e+00
-1.200000000000000000e+03
-8.000000000000000000e+00
-1.114000000000000000e+03
-1.017000000000000000e+03
-8.000000000000000000e+00
-1.130000000000000000e+02
-8.000000000000000000e+00
-8.000000000000000000e+00
-1.103000000000000000e+03
-8.000000000000000000e+00
-8.000000000000000000e+00
-1.016000000000000000e+03
-8.000000000000000000e+00
-8.000000000000000000e+00
-1.110000000000000000e+03
-1.000000000000000000e+01
-1.098000000000000000e+03
-1.022000000000000000e+03
-8.000000000000000000e+00
-1.020000000000000000e+03
-1.114000000000000000e+03
-8.000000000000000000e+00
-9.900000000000000000e+01
-1.090000000000000000e+03
-8.000000000000000000e+00
-1.017000000000000000e+03
-9.800000000000000000e+01
-1.100000000000000000e+01
-8.000000000000000000e+00
-8.000000000000000000e+00
-8.000000000000000000e+00
-8.000000000000000000e+00
-1.017000000000000000e+03
-8.000000000000000000e+00
-1.600000000000000000e+01
-8.000000000000000000e+00
-1.097000000000000000e+03
-1.114000000000000000e+03
-8.000000000000000000e+00
-1.103000000000000000e+03
-1.110000000000000000e+03
-1.110000000000000000e+03
-1.115000000000000000e+03
-1.012000000000000000e+03
-8.000000000000000000e+00
-1.107000000000000000e+03
-8.000000000000000000e+00
-1.000000000000000000e+02
-1.000000000000000000e+02
-8.000000000000000000e+00
-1.090000000000000000e+03
-1.016000000000000000e+03
-8.000000000000000000e+00
-8.000000000000000000e+00
-1.097000000000000000e+03
-8.000000000000000000e+00
-1.129000000000000000e+03
-8.000000000000000000e+00
-1.098000000000000000e+03
-8.000000000000000000e+00
-1.007000000000000000e+03
-1.216000000000000000e+03
-8.000000000000000000e+00
-8.000000000000000000e+00
-8.000000000000000000e+00
-1.012000000000000000e+03
-8.000000000000000000e+00
-2.000000000000000000e+01
-8.000000000000000000e+00
-1.007000000000000000e+03
-1.129000000000000000e+03
-8.000000000000000000e+00
-9.800000000000000000e+01
-8.000000000000000000e+00
-8.000000000000000000e+00
-8.000000000000000000e+00
-8.000000000000000000e+00
-8.000000000000000000e+00
-8.000000000000000000e+00
-1.125000000000000000e+03
-8.000000000000000000e+00
-1.017000000000000000e+03
-8.000000000000000000e+00
-1.012000000000000000e+03
-8.000000000000000000e+00
-8.000000000000000000e+00
-9.990000000000000000e+02
-1.000000000000000000e+02
-1.108000000000000000e+03
-1.090000000000000000e+03
-8.000000000000000000e+00
-1.200000000000000000e+01
-1.114000000000000000e+03
-8.000000000000000000e+00
-1.020000000000000000e+03
-1.230000000000000000e+02
-8.000000000000000000e+00
-8.000000000000000000e+00
-8.000000000000000000e+00
-1.103000000000000000e+03
-8.000000000000000000e+00
-8.000000000000000000e+00
-8.000000000000000000e+00
-1.016000000000000000e+03
-8.000000000000000000e+00
-1.103000000000000000e+03
-1.017000000000000000e+03
-8.000000000000000000e+00
-1.120000000000000000e+02
-8.000000000000000000e+00
-8.000000000000000000e+00
-8.000000000000000000e+00
-1.017000000000000000e+03
-1.200000000000000000e+01
-1.118000000000000000e+03
-8.000000000000000000e+00
-8.000000000000000000e+00
-8.000000000000000000e+00
-8.000000000000000000e+00
-1.010000000000000000e+02
-8.000000000000000000e+00
-8.000000000000000000e+00
-1.012000000000000000e+03
-8.000000000000000000e+00
-8.000000000000000000e+00
-9.990000000000000000e+02
-1.090000000000000000e+02
-7.000000000000000000e+00
-8.000000000000000000e+00
-8.000000000000000000e+00
-8.000000000000000000e+00
-9.990000000000000000e+02
-8.000000000000000000e+00
-1.007000000000000000e+03
-8.000000000000000000e+00
-8.000000000000000000e+00
-8.000000000000000000e+00
-8.000000000000000000e+00
-8.000000000000000000e+00
-8.000000000000000000e+00
-1.107000000000000000e+03
-8.000000000000000000e+00
-8.000000000000000000e+00
-8.000000000000000000e+00
-1.090000000000000000e+03
-8.000000000000000000e+00
-8.000000000000000000e+00
-8.000000000000000000e+00
-8.000000000000000000e+00
-1.007000000000000000e+03
-8.000000000000000000e+00
-8.000000000000000000e+00
-1.108000000000000000e+03
-1.097000000000000000e+03
-1.000000000000000000e+02
-1.016000000000000000e+03
-8.000000000000000000e+00
-8.000000000000000000e+00
-8.000000000000000000e+00
-8.000000000000000000e+00
-1.017000000000000000e+03
-8.000000000000000000e+00
-1.016000000000000000e+03
-8.000000000000000000e+00
-1.016000000000000000e+03
-8.000000000000000000e+00
-8.000000000000000000e+00
-8.000000000000000000e+00
-9.990000000000000000e+02
-1.100000000000000000e+02
-8.000000000000000000e+00
-1.100000000000000000e+01
-8.000000000000000000e+00
-1.016000000000000000e+03
-8.000000000000000000e+00
-8.000000000000000000e+00
-1.012000000000000000e+03
-1.097000000000000000e+03
-2.600000000000000000e+01
-1.115000000000000000e+03
-8.000000000000000000e+00
-8.000000000000000000e+00
-8.000000000000000000e+00
-8.000000000000000000e+00
-9.990000000000000000e+02
-1.115000000000000000e+03
-8.000000000000000000e+00
-8.000000000000000000e+00
-8.000000000000000000e+00
-1.115000000000000000e+03
-1.210000000000000000e+02
-2.000000000000000000e+01
-8.000000000000000000e+00
-1.700000000000000000e+01
-1.107000000000000000e+03
-9.900000000000000000e+01
-1.097000000000000000e+03
-1.017000000000000000e+03
-1.000000000000000000e+01
-9.900000000000000000e+01
-1.007000000000000000e+03
-9.990000000000000000e+02
-1.108000000000000000e+03
-8.000000000000000000e+00
-8.000000000000000000e+00
-9.900000000000000000e+01
-1.017000000000000000e+03
-1.110000000000000000e+03
-1.100000000000000000e+02
-1.107000000000000000e+03
-9.900000000000000000e+01
-8.000000000000000000e+00
-8.000000000000000000e+00
-1.098000000000000000e+03
-1.007000000000000000e+03
-1.070000000000000000e+02
-8.000000000000000000e+00
-8.000000000000000000e+00
-8.000000000000000000e+00
-8.000000000000000000e+00
-1.098000000000000000e+03
-1.070000000000000000e+02
-8.000000000000000000e+00
-8.000000000000000000e+00
-8.000000000000000000e+00
-1.012000000000000000e+03
-8.000000000000000000e+00
-1.007000000000000000e+03
-1.090000000000000000e+02
-8.000000000000000000e+00
-1.017000000000000000e+03
-8.000000000000000000e+00
-8.000000000000000000e+00
-8.000000000000000000e+00
-8.000000000000000000e+00
-1.199000000000000000e+03
-8.000000000000000000e+00
-8.000000000000000000e+00
-8.000000000000000000e+00
-1.060000000000000000e+02
-1.115000000000000000e+03
-1.090000000000000000e+02
-8.000000000000000000e+00
-1.109000000000000000e+03
-1.012000000000000000e+03
-1.098000000000000000e+03
-1.012000000000000000e+03
-8.000000000000000000e+00
-8.000000000000000000e+00
-8.000000000000000000e+00
-8.000000000000000000e+00
-8.000000000000000000e+00
-8.000000000000000000e+00
-7.000000000000000000e+00
-1.012000000000000000e+03
-8.000000000000000000e+00
-8.000000000000000000e+00
-8.000000000000000000e+00
-8.000000000000000000e+00
-8.000000000000000000e+00
-8.000000000000000000e+00
-2.600000000000000000e+01
-1.007000000000000000e+03
-2.800000000000000000e+01
-1.012000000000000000e+03
-9.900000000000000000e+01
-8.000000000000000000e+00
-1.016000000000000000e+03
-1.012000000000000000e+03
-1.017000000000000000e+03
-8.000000000000000000e+00
-9.800000000000000000e+01
-1.007000000000000000e+03
-1.313000000000000000e+03
-8.000000000000000000e+00
-8.000000000000000000e+00
-1.090000000000000000e+02
-8.000000000000000000e+00
-1.108000000000000000e+03
-8.000000000000000000e+00
-8.000000000000000000e+00
-1.070000000000000000e+02
-8.000000000000000000e+00
-8.000000000000000000e+00
-8.000000000000000000e+00
-1.012000000000000000e+03
-8.000000000000000000e+00
-1.017000000000000000e+03
-1.012000000000000000e+03
-1.115000000000000000e+03
-8.000000000000000000e+00
-8.000000000000000000e+00
-8.000000000000000000e+00
-8.000000000000000000e+00
-8.000000000000000000e+00
-8.000000000000000000e+00
-8.000000000000000000e+00
-1.115000000000000000e+03
-8.000000000000000000e+00
-8.000000000000000000e+00
-1.115000000000000000e+03
-8.000000000000000000e+00
-1.103000000000000000e+03
-9.990000000000000000e+02
-8.000000000000000000e+00
-9.990000000000000000e+02
-8.000000000000000000e+00
-2.000000000000000000e+01
-8.000000000000000000e+00
-8.000000000000000000e+00
-1.012000000000000000e+03
-1.103000000000000000e+03
-8.000000000000000000e+00
-1.114000000000000000e+03
-8.000000000000000000e+00
-1.097000000000000000e+03
-8.000000000000000000e+00
-1.115000000000000000e+03
-8.000000000000000000e+00
-8.000000000000000000e+00
-8.000000000000000000e+00
-8.000000000000000000e+00
-8.000000000000000000e+00
-8.000000000000000000e+00
-1.010000000000000000e+02
-1.090000000000000000e+02
-1.007000000000000000e+03
-8.000000000000000000e+00
-1.107000000000000000e+03
-8.000000000000000000e+00
-9.000000000000000000e+00
-8.000000000000000000e+00
-8.000000000000000000e+00
-8.000000000000000000e+00
-8.000000000000000000e+00
-8.000000000000000000e+00
-8.000000000000000000e+00
-9.990000000000000000e+02
-8.000000000000000000e+00
-8.000000000000000000e+00
-8.000000000000000000e+00
-8.000000000000000000e+00
-1.012000000000000000e+03
-1.216000000000000000e+03
-1.900000000000000000e+01
-8.000000000000000000e+00
-8.000000000000000000e+00
-8.000000000000000000e+00
-8.000000000000000000e+00
-1.110000000000000000e+03
-1.200000000000000000e+01
-8.000000000000000000e+00
-8.000000000000000000e+00
-1.223000000000000000e+03
-1.027000000000000000e+03
-8.000000000000000000e+00
-1.103000000000000000e+03
-1.200000000000000000e+03
-1.103000000000000000e+03
-8.000000000000000000e+00
-8.000000000000000000e+00
-8.000000000000000000e+00
-9.990000000000000000e+02
-1.210000000000000000e+02
-8.000000000000000000e+00
-1.115000000000000000e+03
-8.000000000000000000e+00
-8.000000000000000000e+00
-1.210000000000000000e+02
-8.000000000000000000e+00
-8.000000000000000000e+00
-8.000000000000000000e+00
-1.108000000000000000e+03
-1.007000000000000000e+03
-8.000000000000000000e+00
-8.000000000000000000e+00
-1.108000000000000000e+03
-8.000000000000000000e+00
-8.000000000000000000e+00
-8.000000000000000000e+00
-1.060000000000000000e+02
-1.210000000000000000e+02
-8.000000000000000000e+00
-8.000000000000000000e+00
-1.125000000000000000e+03
-1.115000000000000000e+03
-1.120000000000000000e+02
-1.000000000000000000e+01
-9.990000000000000000e+02
-2.080000000000000000e+02
-8.000000000000000000e+00
-8.000000000000000000e+00
-8.000000000000000000e+00
-8.000000000000000000e+00
-8.000000000000000000e+00
-1.107000000000000000e+03
-8.000000000000000000e+00
-8.000000000000000000e+00
-8.000000000000000000e+00
-1.115000000000000000e+03
-8.000000000000000000e+00
-2.050000000000000000e+02
-2.600000000000000000e+01
-8.000000000000000000e+00
-1.090000000000000000e+03
-1.070000000000000000e+02
-8.000000000000000000e+00
-8.000000000000000000e+00
-8.000000000000000000e+00
-9.990000000000000000e+02
-8.000000000000000000e+00
-8.000000000000000000e+00
-8.000000000000000000e+00
-8.000000000000000000e+00
-9.800000000000000000e+01
-8.000000000000000000e+00
-8.000000000000000000e+00
-8.000000000000000000e+00
-8.000000000000000000e+00
-8.000000000000000000e+00
-8.000000000000000000e+00
-1.012000000000000000e+03
-8.000000000000000000e+00
-8.000000000000000000e+00
-1.010000000000000000e+02
-8.000000000000000000e+00
-8.000000000000000000e+00
-1.017000000000000000e+03
-8.000000000000000000e+00
-8.000000000000000000e+00
-8.000000000000000000e+00
-9.990000000000000000e+02
-1.010000000000000000e+02
-1.024000000000000000e+03
-8.000000000000000000e+00
-8.000000000000000000e+00
-9.000000000000000000e+00
-8.000000000000000000e+00
-8.000000000000000000e+00
-8.000000000000000000e+00
-8.000000000000000000e+00
-8.000000000000000000e+00
-1.090000000000000000e+03
-8.000000000000000000e+00
-8.000000000000000000e+00
-8.000000000000000000e+00
-1.012000000000000000e+03
-8.000000000000000000e+00
-8.000000000000000000e+00
-8.000000000000000000e+00
-1.200000000000000000e+01
-1.500000000000000000e+01
-8.000000000000000000e+00
-8.000000000000000000e+00
-1.210000000000000000e+02
-1.500000000000000000e+01
-8.000000000000000000e+00
-8.000000000000000000e+00
-8.000000000000000000e+00
-8.000000000000000000e+00
-8.000000000000000000e+00
-8.000000000000000000e+00
-8.000000000000000000e+00
-8.000000000000000000e+00
-8.000000000000000000e+00
-8.000000000000000000e+00
-1.012000000000000000e+03
-8.000000000000000000e+00
-8.000000000000000000e+00
-1.137000000000000000e+03
-8.000000000000000000e+00
-8.000000000000000000e+00
-8.000000000000000000e+00
-8.000000000000000000e+00
-1.017000000000000000e+03
-8.000000000000000000e+00
-9.990000000000000000e+02
-1.007000000000000000e+03
-1.007000000000000000e+03
-1.600000000000000000e+01
-8.000000000000000000e+00
-8.000000000000000000e+00
-8.000000000000000000e+00
-8.000000000000000000e+00
-8.000000000000000000e+00
-8.000000000000000000e+00
-8.000000000000000000e+00
-8.000000000000000000e+00
-8.000000000000000000e+00
-1.140000000000000000e+02
-8.000000000000000000e+00
-1.017000000000000000e+03
-8.000000000000000000e+00
-8.000000000000000000e+00
-9.900000000000000000e+01
-8.000000000000000000e+00
-8.000000000000000000e+00
-8.000000000000000000e+00
-8.000000000000000000e+00
-8.000000000000000000e+00
-8.000000000000000000e+00
-1.208000000000000000e+03
-8.000000000000000000e+00
-1.060000000000000000e+02
-7.000000000000000000e+00
-1.103000000000000000e+03
-8.000000000000000000e+00
-1.110000000000000000e+03
-9.000000000000000000e+00
-8.000000000000000000e+00
-8.000000000000000000e+00
-8.000000000000000000e+00
-8.000000000000000000e+00
-8.000000000000000000e+00
-1.007000000000000000e+03
-8.000000000000000000e+00
-1.012000000000000000e+03
-8.000000000000000000e+00
-8.000000000000000000e+00
-1.007000000000000000e+03
-8.000000000000000000e+00
-1.103000000000000000e+03
-8.000000000000000000e+00
-8.000000000000000000e+00
-8.000000000000000000e+00
-8.000000000000000000e+00
-9.990000000000000000e+02
-1.097000000000000000e+03
-8.000000000000000000e+00
-8.000000000000000000e+00
-1.016000000000000000e+03
-1.090000000000000000e+03
-8.000000000000000000e+00
-8.000000000000000000e+00
-8.000000000000000000e+00
-8.000000000000000000e+00
-8.000000000000000000e+00
-1.007000000000000000e+03
-1.016000000000000000e+03
-8.000000000000000000e+00
-8.000000000000000000e+00
-8.000000000000000000e+00
-8.000000000000000000e+00
-8.000000000000000000e+00
-8.000000000000000000e+00
-8.000000000000000000e+00
-8.000000000000000000e+00
-8.000000000000000000e+00
-8.000000000000000000e+00
-1.800000000000000000e+01
-8.000000000000000000e+00
-8.000000000000000000e+00
-8.000000000000000000e+00
-8.000000000000000000e+00
-1.130000000000000000e+02
-8.000000000000000000e+00
-8.000000000000000000e+00
-8.000000000000000000e+00
-8.000000000000000000e+00
-8.000000000000000000e+00
-8.000000000000000000e+00
-8.000000000000000000e+00
-8.000000000000000000e+00
-1.010000000000000000e+02
-1.500000000000000000e+01
-1.114000000000000000e+03
-8.000000000000000000e+00
-1.200000000000000000e+02
-7.000000000000000000e+00
-7.000000000000000000e+00
-1.012000000000000000e+03
-7.000000000000000000e+00
-7.000000000000000000e+00
-2.090000000000000000e+02
-7.000000000000000000e+00
-1.108000000000000000e+03
-7.000000000000000000e+00
-7.000000000000000000e+00
-7.000000000000000000e+00
-7.000000000000000000e+00
-7.000000000000000000e+00
-7.000000000000000000e+00
-7.000000000000000000e+00
-7.000000000000000000e+00
-7.000000000000000000e+00
-7.000000000000000000e+00
-7.000000000000000000e+00
-7.000000000000000000e+00
-2.500000000000000000e+01
-7.000000000000000000e+00
-7.000000000000000000e+00
-7.000000000000000000e+00
-9.000000000000000000e+00
-1.050000000000000000e+02
-1.700000000000000000e+01
-7.000000000000000000e+00
-7.000000000000000000e+00
-2.040000000000000000e+02
-1.012000000000000000e+03
-7.000000000000000000e+00
-7.000000000000000000e+00
-7.000000000000000000e+00
-7.000000000000000000e+00
-7.000000000000000000e+00
-7.000000000000000000e+00
-1.012000000000000000e+03
-7.000000000000000000e+00
-7.000000000000000000e+00
-7.000000000000000000e+00
-7.000000000000000000e+00
-7.000000000000000000e+00
-9.990000000000000000e+02
-7.000000000000000000e+00
-7.000000000000000000e+00
-8.000000000000000000e+00
-7.000000000000000000e+00
-7.000000000000000000e+00
-1.114000000000000000e+03
-7.000000000000000000e+00
-7.000000000000000000e+00
-7.000000000000000000e+00
-1.017000000000000000e+03
-7.000000000000000000e+00
-7.000000000000000000e+00
-7.000000000000000000e+00
-7.000000000000000000e+00
-1.016000000000000000e+03
-1.097000000000000000e+03
-7.000000000000000000e+00
-1.103000000000000000e+03
-7.000000000000000000e+00
-7.000000000000000000e+00
-7.000000000000000000e+00
-7.000000000000000000e+00
-7.000000000000000000e+00
-7.000000000000000000e+00
-1.012000000000000000e+03
-7.000000000000000000e+00
-1.016000000000000000e+03
-7.000000000000000000e+00
-1.012000000000000000e+03
-7.000000000000000000e+00
-7.000000000000000000e+00
-1.100000000000000000e+01
-1.090000000000000000e+02
-7.000000000000000000e+00
-7.000000000000000000e+00
-7.000000000000000000e+00
-7.000000000000000000e+00
-1.080000000000000000e+02
-7.000000000000000000e+00
-7.000000000000000000e+00
-1.103000000000000000e+03
-1.012000000000000000e+03
-7.000000000000000000e+00
-7.000000000000000000e+00
-1.012000000000000000e+03
-7.000000000000000000e+00
-7.000000000000000000e+00
-7.000000000000000000e+00
-1.800000000000000000e+01
-7.000000000000000000e+00
-1.010000000000000000e+02
-7.000000000000000000e+00
-7.000000000000000000e+00
-7.000000000000000000e+00
-7.000000000000000000e+00
-7.000000000000000000e+00
-7.000000000000000000e+00
-7.000000000000000000e+00
-7.000000000000000000e+00
-1.012000000000000000e+03
-7.000000000000000000e+00
-1.098000000000000000e+03
-9.990000000000000000e+02
-7.000000000000000000e+00
-7.000000000000000000e+00
-7.000000000000000000e+00
-7.000000000000000000e+00
-7.000000000000000000e+00
-9.990000000000000000e+02
-7.000000000000000000e+00
-7.000000000000000000e+00
-7.000000000000000000e+00
-7.000000000000000000e+00
-1.060000000000000000e+02
-7.000000000000000000e+00
-7.000000000000000000e+00
-7.000000000000000000e+00
-1.205000000000000000e+03
-1.012000000000000000e+03
-1.200000000000000000e+01
-7.000000000000000000e+00
-7.000000000000000000e+00
-7.000000000000000000e+00
-7.000000000000000000e+00
-7.000000000000000000e+00
-9.000000000000000000e+00
-9.800000000000000000e+01
-7.000000000000000000e+00
-7.000000000000000000e+00
-1.000000000000000000e+02
-7.000000000000000000e+00
-7.000000000000000000e+00
-7.000000000000000000e+00
-7.000000000000000000e+00
-7.000000000000000000e+00
-7.000000000000000000e+00
-1.012000000000000000e+03
-7.000000000000000000e+00
-9.000000000000000000e+00
-1.017000000000000000e+03
-1.211000000000000000e+03
-7.000000000000000000e+00
-7.000000000000000000e+00
-9.800000000000000000e+01
-1.108000000000000000e+03
-7.000000000000000000e+00
-7.000000000000000000e+00
-7.000000000000000000e+00
-7.000000000000000000e+00
-7.000000000000000000e+00
-7.000000000000000000e+00
-7.000000000000000000e+00
-1.090000000000000000e+02
-1.060000000000000000e+02
-7.000000000000000000e+00
-1.080000000000000000e+02
-1.050000000000000000e+02
-7.000000000000000000e+00
-7.000000000000000000e+00
-1.016000000000000000e+03
-7.000000000000000000e+00
-7.000000000000000000e+00
-7.000000000000000000e+00
-7.000000000000000000e+00
-7.000000000000000000e+00
-7.000000000000000000e+00
-9.800000000000000000e+01
-9.990000000000000000e+02
-9.990000000000000000e+02
-7.000000000000000000e+00
-7.000000000000000000e+00
-7.000000000000000000e+00
-7.000000000000000000e+00
-7.000000000000000000e+00
-7.000000000000000000e+00
-1.000000000000000000e+01
-7.000000000000000000e+00
-7.000000000000000000e+00
-7.000000000000000000e+00
-7.000000000000000000e+00
-7.000000000000000000e+00
-7.000000000000000000e+00
-8.000000000000000000e+00
-1.032000000000000000e+03
-7.000000000000000000e+00
-1.000000000000000000e+02
-1.100000000000000000e+01
-7.000000000000000000e+00
-2.900000000000000000e+01
-1.017000000000000000e+03
-7.000000000000000000e+00
-7.000000000000000000e+00
-7.000000000000000000e+00
-7.000000000000000000e+00
-1.108000000000000000e+03
-7.000000000000000000e+00
-1.050000000000000000e+02
-1.000000000000000000e+02
-7.000000000000000000e+00
-7.000000000000000000e+00
-7.000000000000000000e+00
-7.000000000000000000e+00
-7.000000000000000000e+00
-7.000000000000000000e+00
-7.000000000000000000e+00
-7.000000000000000000e+00
-7.000000000000000000e+00
-7.000000000000000000e+00
-7.000000000000000000e+00
-9.990000000000000000e+02
-7.000000000000000000e+00
-7.000000000000000000e+00
-7.000000000000000000e+00
-7.000000000000000000e+00
-7.000000000000000000e+00
-1.080000000000000000e+02
-7.000000000000000000e+00
-7.000000000000000000e+00
-7.000000000000000000e+00
-9.000000000000000000e+00
-7.000000000000000000e+00
-1.110000000000000000e+03
-7.000000000000000000e+00
-7.000000000000000000e+00
-7.000000000000000000e+00
-7.000000000000000000e+00
-7.000000000000000000e+00
-7.000000000000000000e+00
-7.000000000000000000e+00
-1.103000000000000000e+03
-7.000000000000000000e+00
-7.000000000000000000e+00
-7.000000000000000000e+00
-7.000000000000000000e+00
-7.000000000000000000e+00
-7.000000000000000000e+00
-1.107000000000000000e+03
-1.010000000000000000e+02
-1.098000000000000000e+03
-1.012000000000000000e+03
-7.000000000000000000e+00
-7.000000000000000000e+00
-7.000000000000000000e+00
-7.000000000000000000e+00
-7.000000000000000000e+00
-7.000000000000000000e+00
-7.000000000000000000e+00
-7.000000000000000000e+00
-7.000000000000000000e+00
-7.000000000000000000e+00
-7.000000000000000000e+00
-1.108000000000000000e+03
-7.000000000000000000e+00
-1.000000000000000000e+02
-7.000000000000000000e+00
-7.000000000000000000e+00
-1.097000000000000000e+03
-7.000000000000000000e+00
-7.000000000000000000e+00
-7.000000000000000000e+00
-7.000000000000000000e+00
-7.000000000000000000e+00
-7.000000000000000000e+00
-1.007000000000000000e+03
-1.007000000000000000e+03
-7.000000000000000000e+00
-7.000000000000000000e+00
-7.000000000000000000e+00
-7.000000000000000000e+00
-7.000000000000000000e+00
-7.000000000000000000e+00
-7.000000000000000000e+00
-7.000000000000000000e+00
-7.000000000000000000e+00
-7.000000000000000000e+00
-7.000000000000000000e+00
-7.000000000000000000e+00
-7.000000000000000000e+00
-7.000000000000000000e+00
-7.000000000000000000e+00
-7.000000000000000000e+00
-7.000000000000000000e+00
-1.103000000000000000e+03
-7.000000000000000000e+00
-9.990000000000000000e+02
-1.012000000000000000e+03
-7.000000000000000000e+00
-7.000000000000000000e+00
-7.000000000000000000e+00
-1.012000000000000000e+03
-7.000000000000000000e+00
-7.000000000000000000e+00
-7.000000000000000000e+00
-7.000000000000000000e+00
-7.000000000000000000e+00
-7.000000000000000000e+00
-7.000000000000000000e+00
-7.000000000000000000e+00
-7.000000000000000000e+00
-7.000000000000000000e+00
-7.000000000000000000e+00
-4.000000000000000000e+01
-7.000000000000000000e+00
-7.000000000000000000e+00
-7.000000000000000000e+00
-7.000000000000000000e+00
-7.000000000000000000e+00
-7.000000000000000000e+00
-7.000000000000000000e+00
-7.000000000000000000e+00
-1.007000000000000000e+03
-7.000000000000000000e+00
-7.000000000000000000e+00
-7.000000000000000000e+00
-7.000000000000000000e+00
-7.000000000000000000e+00
-1.090000000000000000e+03
-7.000000000000000000e+00
-7.000000000000000000e+00
-7.000000000000000000e+00
-7.000000000000000000e+00
-1.012000000000000000e+03
-1.110000000000000000e+02
-7.000000000000000000e+00
-7.000000000000000000e+00
-7.000000000000000000e+00
-7.000000000000000000e+00
-1.016000000000000000e+03
-7.000000000000000000e+00
-7.000000000000000000e+00
-7.000000000000000000e+00
-7.000000000000000000e+00
-1.016000000000000000e+03
-1.012000000000000000e+03
-7.000000000000000000e+00
-7.000000000000000000e+00
-1.114000000000000000e+03
-7.000000000000000000e+00
-7.000000000000000000e+00
-7.000000000000000000e+00
-7.000000000000000000e+00
-7.000000000000000000e+00
-7.000000000000000000e+00
-7.000000000000000000e+00
-1.017000000000000000e+03
-7.000000000000000000e+00
-7.000000000000000000e+00
-1.090000000000000000e+03
-7.000000000000000000e+00
-7.000000000000000000e+00
-7.000000000000000000e+00
-1.007000000000000000e+03
-7.000000000000000000e+00
-2.700000000000000000e+01
-7.000000000000000000e+00
-1.090000000000000000e+02
-7.000000000000000000e+00
-8.000000000000000000e+00
-7.000000000000000000e+00
-7.000000000000000000e+00
-7.000000000000000000e+00
-7.000000000000000000e+00
-7.000000000000000000e+00
-7.000000000000000000e+00
-7.000000000000000000e+00
-7.000000000000000000e+00
-7.000000000000000000e+00
-7.000000000000000000e+00
-7.000000000000000000e+00
-7.000000000000000000e+00
-7.000000000000000000e+00
-7.000000000000000000e+00
-7.000000000000000000e+00
-7.000000000000000000e+00
-7.000000000000000000e+00
-7.000000000000000000e+00
-7.000000000000000000e+00
-7.000000000000000000e+00
-7.000000000000000000e+00
-7.000000000000000000e+00
-1.016000000000000000e+03
-7.000000000000000000e+00
-1.400000000000000000e+01
-7.000000000000000000e+00
-7.000000000000000000e+00
-1.060000000000000000e+02
-7.000000000000000000e+00
-7.000000000000000000e+00
-7.000000000000000000e+00
-7.000000000000000000e+00
-7.000000000000000000e+00
-1.900000000000000000e+01
-7.000000000000000000e+00
-7.000000000000000000e+00
-7.000000000000000000e+00
-7.000000000000000000e+00
-7.000000000000000000e+00
-1.100000000000000000e+01
-7.000000000000000000e+00
-7.000000000000000000e+00
-7.000000000000000000e+00
-7.000000000000000000e+00
-7.000000000000000000e+00
-7.000000000000000000e+00
-7.000000000000000000e+00
-7.000000000000000000e+00
-7.000000000000000000e+00
-7.000000000000000000e+00
-7.000000000000000000e+00
-7.000000000000000000e+00
-7.000000000000000000e+00
-7.000000000000000000e+00
-7.000000000000000000e+00
-7.000000000000000000e+00
-7.000000000000000000e+00
-7.000000000000000000e+00
-7.000000000000000000e+00
-7.000000000000000000e+00
-7.000000000000000000e+00
-2.900000000000000000e+01
-7.000000000000000000e+00
-7.000000000000000000e+00
-7.000000000000000000e+00
-7.000000000000000000e+00
-7.000000000000000000e+00
-7.000000000000000000e+00
-7.000000000000000000e+00
-7.000000000000000000e+00
-1.110000000000000000e+03
-1.103000000000000000e+03
-7.000000000000000000e+00
-7.000000000000000000e+00
-1.700000000000000000e+01
-7.000000000000000000e+00
-7.000000000000000000e+00
-7.000000000000000000e+00
-7.000000000000000000e+00
-7.000000000000000000e+00
-7.000000000000000000e+00
-1.103000000000000000e+03
-7.000000000000000000e+00
-7.000000000000000000e+00
-7.000000000000000000e+00
-7.000000000000000000e+00
-1.012000000000000000e+03
-7.000000000000000000e+00
-7.000000000000000000e+00
-7.000000000000000000e+00
-7.000000000000000000e+00
-7.000000000000000000e+00
-7.000000000000000000e+00
-7.000000000000000000e+00
-7.000000000000000000e+00
-1.108000000000000000e+03
-1.110000000000000000e+03
-7.000000000000000000e+00
-7.000000000000000000e+00
-7.000000000000000000e+00
-7.000000000000000000e+00
-1.000000000000000000e+01
-7.000000000000000000e+00
-7.000000000000000000e+00
-7.000000000000000000e+00
-7.000000000000000000e+00
-7.000000000000000000e+00
-7.000000000000000000e+00
-7.000000000000000000e+00
-1.115000000000000000e+03
-7.000000000000000000e+00
-7.000000000000000000e+00
-7.000000000000000000e+00
-7.000000000000000000e+00
-7.000000000000000000e+00
-7.000000000000000000e+00
-7.000000000000000000e+00
-7.000000000000000000e+00
-7.000000000000000000e+00
-7.000000000000000000e+00
-7.000000000000000000e+00
-7.000000000000000000e+00
-7.000000000000000000e+00
-7.000000000000000000e+00
-1.000000000000000000e+01
-7.000000000000000000e+00
-7.000000000000000000e+00
-7.000000000000000000e+00
-7.000000000000000000e+00
-7.000000000000000000e+00
-7.000000000000000000e+00
-7.000000000000000000e+00
-7.000000000000000000e+00
-7.000000000000000000e+00
-7.000000000000000000e+00
-7.000000000000000000e+00
-7.000000000000000000e+00
-1.115000000000000000e+03
-7.000000000000000000e+00
-7.000000000000000000e+00
-7.000000000000000000e+00
-7.000000000000000000e+00
-7.000000000000000000e+00
-7.000000000000000000e+00
-7.000000000000000000e+00
-7.000000000000000000e+00
-7.000000000000000000e+00
-7.000000000000000000e+00
-7.000000000000000000e+00
-7.000000000000000000e+00
-7.000000000000000000e+00
-7.000000000000000000e+00
-7.000000000000000000e+00
-7.000000000000000000e+00
-7.000000000000000000e+00
-7.000000000000000000e+00
-7.000000000000000000e+00
-7.000000000000000000e+00
-7.000000000000000000e+00
-7.000000000000000000e+00
-7.000000000000000000e+00
-7.000000000000000000e+00
-1.016000000000000000e+03
-7.000000000000000000e+00
-7.000000000000000000e+00
-7.000000000000000000e+00
-7.000000000000000000e+00
-7.000000000000000000e+00
-7.000000000000000000e+00
-1.115000000000000000e+03
-7.000000000000000000e+00
-1.012000000000000000e+03
-7.000000000000000000e+00
-7.000000000000000000e+00
-7.000000000000000000e+00
-7.000000000000000000e+00
-7.000000000000000000e+00
-7.000000000000000000e+00
-7.000000000000000000e+00
-1.000000000000000000e+01
-7.000000000000000000e+00
-7.000000000000000000e+00
-7.000000000000000000e+00
-7.000000000000000000e+00
-7.000000000000000000e+00
-7.000000000000000000e+00
-7.000000000000000000e+00
-7.000000000000000000e+00
-7.000000000000000000e+00
-7.000000000000000000e+00
-7.000000000000000000e+00
-1.007000000000000000e+03
-1.115000000000000000e+03
-7.000000000000000000e+00
-7.000000000000000000e+00
-8.000000000000000000e+00
-7.000000000000000000e+00
-7.000000000000000000e+00
-7.000000000000000000e+00
-2.700000000000000000e+01
-7.000000000000000000e+00
-7.000000000000000000e+00
-9.990000000000000000e+02
-1.090000000000000000e+03
-7.000000000000000000e+00
-7.000000000000000000e+00
-7.000000000000000000e+00
-7.000000000000000000e+00
-1.016000000000000000e+03
-7.000000000000000000e+00
-7.000000000000000000e+00
-7.000000000000000000e+00
-7.000000000000000000e+00
-7.000000000000000000e+00
-7.000000000000000000e+00
-7.000000000000000000e+00
-7.000000000000000000e+00
-7.000000000000000000e+00
-7.000000000000000000e+00
-7.000000000000000000e+00
-7.000000000000000000e+00
-7.000000000000000000e+00
-7.000000000000000000e+00
-7.000000000000000000e+00
-7.000000000000000000e+00
-7.000000000000000000e+00
-7.000000000000000000e+00
-7.000000000000000000e+00
-7.000000000000000000e+00
-7.000000000000000000e+00
-7.000000000000000000e+00
-7.000000000000000000e+00
-7.000000000000000000e+00
-7.000000000000000000e+00
-7.000000000000000000e+00
-7.000000000000000000e+00
-7.000000000000000000e+00
-7.000000000000000000e+00
-7.000000000000000000e+00
-7.000000000000000000e+00
-7.000000000000000000e+00
-9.990000000000000000e+02
-7.000000000000000000e+00
-7.000000000000000000e+00
-7.000000000000000000e+00
-7.000000000000000000e+00
-7.000000000000000000e+00
-7.000000000000000000e+00
-7.000000000000000000e+00
-7.000000000000000000e+00
-7.000000000000000000e+00
-7.000000000000000000e+00
-7.000000000000000000e+00
-7.000000000000000000e+00
-1.016000000000000000e+03
-7.000000000000000000e+00
-7.000000000000000000e+00
-7.000000000000000000e+00
-7.000000000000000000e+00
-7.000000000000000000e+00
-7.000000000000000000e+00
-7.000000000000000000e+00
-7.000000000000000000e+00
-7.000000000000000000e+00
-7.000000000000000000e+00
-7.000000000000000000e+00
-7.000000000000000000e+00
-7.000000000000000000e+00
-7.000000000000000000e+00
-7.000000000000000000e+00
-7.000000000000000000e+00
-7.000000000000000000e+00
-7.000000000000000000e+00
-7.000000000000000000e+00
-7.000000000000000000e+00
-1.017000000000000000e+03
-7.000000000000000000e+00
-7.000000000000000000e+00
-7.000000000000000000e+00
-7.000000000000000000e+00
-7.000000000000000000e+00
-7.000000000000000000e+00
-7.000000000000000000e+00
-7.000000000000000000e+00
-7.000000000000000000e+00
-7.000000000000000000e+00
-7.000000000000000000e+00
-7.000000000000000000e+00
-7.000000000000000000e+00
-7.000000000000000000e+00
-7.000000000000000000e+00
-7.000000000000000000e+00
-7.000000000000000000e+00
-7.000000000000000000e+00
-7.000000000000000000e+00
-7.000000000000000000e+00
-7.000000000000000000e+00
-7.000000000000000000e+00
-7.000000000000000000e+00
-7.000000000000000000e+00
-7.000000000000000000e+00
-7.000000000000000000e+00
-7.000000000000000000e+00
-7.000000000000000000e+00
-7.000000000000000000e+00
-7.000000000000000000e+00
-7.000000000000000000e+00
-7.000000000000000000e+00
-7.000000000000000000e+00
-7.000000000000000000e+00
-7.000000000000000000e+00
-7.000000000000000000e+00
-7.000000000000000000e+00
-7.000000000000000000e+00
-1.090000000000000000e+02
-7.000000000000000000e+00
-7.000000000000000000e+00
-7.000000000000000000e+00
-7.000000000000000000e+00
-7.000000000000000000e+00
-7.000000000000000000e+00
-7.000000000000000000e+00
-1.120000000000000000e+02
-7.000000000000000000e+00
-7.000000000000000000e+00
-7.000000000000000000e+00
-7.000000000000000000e+00
-7.000000000000000000e+00
-7.000000000000000000e+00
-7.000000000000000000e+00
-7.000000000000000000e+00
-7.000000000000000000e+00
-1.900000000000000000e+01
-7.000000000000000000e+00
-7.000000000000000000e+00
-7.000000000000000000e+00
-7.000000000000000000e+00
-7.000000000000000000e+00
-7.000000000000000000e+00
-7.000000000000000000e+00
-7.000000000000000000e+00
-7.000000000000000000e+00
-7.000000000000000000e+00
-7.000000000000000000e+00
-7.000000000000000000e+00
-7.000000000000000000e+00
-7.000000000000000000e+00
-7.000000000000000000e+00
-7.000000000000000000e+00
-7.000000000000000000e+00
-7.000000000000000000e+00
-7.000000000000000000e+00
-7.000000000000000000e+00
-7.000000000000000000e+00
-7.000000000000000000e+00
-7.000000000000000000e+00
-7.000000000000000000e+00
-7.000000000000000000e+00
-7.000000000000000000e+00
-7.000000000000000000e+00
-7.000000000000000000e+00
-7.000000000000000000e+00
-7.000000000000000000e+00
-7.000000000000000000e+00
-7.000000000000000000e+00
-7.000000000000000000e+00
-7.000000000000000000e+00
-7.000000000000000000e+00
-7.000000000000000000e+00
-7.000000000000000000e+00
-7.000000000000000000e+00
-7.000000000000000000e+00
-7.000000000000000000e+00
-7.000000000000000000e+00
-7.000000000000000000e+00
-7.000000000000000000e+00
-7.000000000000000000e+00
-7.000000000000000000e+00
-7.000000000000000000e+00
-7.000000000000000000e+00
-7.000000000000000000e+00
-7.000000000000000000e+00
-7.000000000000000000e+00
-7.000000000000000000e+00
-7.000000000000000000e+00
-7.000000000000000000e+00
-7.000000000000000000e+00
-7.000000000000000000e+00
-7.000000000000000000e+00
-7.000000000000000000e+00
-7.000000000000000000e+00
-7.000000000000000000e+00
-7.000000000000000000e+00
-7.000000000000000000e+00
-7.000000000000000000e+00
-7.000000000000000000e+00
-7.000000000000000000e+00
-7.000000000000000000e+00
-7.000000000000000000e+00
-7.000000000000000000e+00
-7.000000000000000000e+00
-7.000000000000000000e+00
-7.000000000000000000e+00
-7.000000000000000000e+00
-7.000000000000000000e+00
-7.000000000000000000e+00
-7.000000000000000000e+00
-7.000000000000000000e+00
-7.000000000000000000e+00
-7.000000000000000000e+00
-7.000000000000000000e+00
-7.000000000000000000e+00
-7.000000000000000000e+00
-7.000000000000000000e+00
-7.000000000000000000e+00
-7.000000000000000000e+00
-7.000000000000000000e+00
-7.000000000000000000e+00
-7.000000000000000000e+00
-7.000000000000000000e+00
-7.000000000000000000e+00
-7.000000000000000000e+00
-7.000000000000000000e+00
-7.000000000000000000e+00
-7.000000000000000000e+00
-7.000000000000000000e+00
-7.000000000000000000e+00
-7.000000000000000000e+00
-7.000000000000000000e+00
-7.000000000000000000e+00
-7.000000000000000000e+00
-7.000000000000000000e+00
-7.000000000000000000e+00
-7.000000000000000000e+00
-7.000000000000000000e+00
-7.000000000000000000e+00
-7.000000000000000000e+00
-7.000000000000000000e+00
-7.000000000000000000e+00
-7.000000000000000000e+00
-7.000000000000000000e+00
-7.000000000000000000e+00
-7.000000000000000000e+00
-7.000000000000000000e+00
-7.000000000000000000e+00
-7.000000000000000000e+00
-7.000000000000000000e+00
-7.000000000000000000e+00
-7.000000000000000000e+00
-7.000000000000000000e+00
-7.000000000000000000e+00
-7.000000000000000000e+00
-7.000000000000000000e+00
-7.000000000000000000e+00
-7.000000000000000000e+00
-7.000000000000000000e+00
-7.000000000000000000e+00
-7.000000000000000000e+00
-7.000000000000000000e+00
-7.000000000000000000e+00
-7.000000000000000000e+00
-7.000000000000000000e+00
-7.000000000000000000e+00
-7.000000000000000000e+00
-7.000000000000000000e+00
-7.000000000000000000e+00
-7.000000000000000000e+00
-7.000000000000000000e+00
-7.000000000000000000e+00
-7.000000000000000000e+00
-7.000000000000000000e+00
-7.000000000000000000e+00
-7.000000000000000000e+00
-7.000000000000000000e+00
-7.000000000000000000e+00
-7.000000000000000000e+00
-7.000000000000000000e+00
-7.000000000000000000e+00
-7.000000000000000000e+00
-7.000000000000000000e+00
-7.000000000000000000e+00
-7.000000000000000000e+00
-7.000000000000000000e+00
-7.000000000000000000e+00
-7.000000000000000000e+00
-7.000000000000000000e+00
-7.000000000000000000e+00
-7.000000000000000000e+00
-7.000000000000000000e+00
-7.000000000000000000e+00
-7.000000000000000000e+00
-7.000000000000000000e+00
-7.000000000000000000e+00
-7.000000000000000000e+00
-7.000000000000000000e+00
-7.000000000000000000e+00
-7.000000000000000000e+00
-7.000000000000000000e+00
-7.000000000000000000e+00
-7.000000000000000000e+00
-7.000000000000000000e+00
-7.000000000000000000e+00
-7.000000000000000000e+00
-7.000000000000000000e+00
-7.000000000000000000e+00
-7.000000000000000000e+00
-7.000000000000000000e+00
-7.000000000000000000e+00
-7.000000000000000000e+00
-7.000000000000000000e+00
-7.000000000000000000e+00
-7.000000000000000000e+00
-7.000000000000000000e+00
-7.000000000000000000e+00
-7.000000000000000000e+00
-7.000000000000000000e+00
-7.000000000000000000e+00
-7.000000000000000000e+00
-7.000000000000000000e+00
-7.000000000000000000e+00
-7.000000000000000000e+00
-7.000000000000000000e+00
-7.000000000000000000e+00
-7.000000000000000000e+00
-7.000000000000000000e+00
-7.000000000000000000e+00
-7.000000000000000000e+00
-7.000000000000000000e+00
-7.000000000000000000e+00
-7.000000000000000000e+00
-7.000000000000000000e+00
-7.000000000000000000e+00
-7.000000000000000000e+00
-7.000000000000000000e+00
-7.000000000000000000e+00
-7.000000000000000000e+00
-7.000000000000000000e+00
-7.000000000000000000e+00
-7.000000000000000000e+00
-7.000000000000000000e+00
-7.000000000000000000e+00
-7.000000000000000000e+00
-7.000000000000000000e+00
-7.000000000000000000e+00
-7.000000000000000000e+00
-7.000000000000000000e+00
-7.000000000000000000e+00
-7.000000000000000000e+00
-7.000000000000000000e+00
-7.000000000000000000e+00
-7.000000000000000000e+00
-7.000000000000000000e+00
-7.000000000000000000e+00
-7.000000000000000000e+00
-7.000000000000000000e+00
-7.000000000000000000e+00
-7.000000000000000000e+00
-7.000000000000000000e+00
-7.000000000000000000e+00
-7.000000000000000000e+00
-7.000000000000000000e+00
-7.000000000000000000e+00
-7.000000000000000000e+00
-7.000000000000000000e+00
-7.000000000000000000e+00
-7.000000000000000000e+00
-7.000000000000000000e+00
-7.000000000000000000e+00
-7.000000000000000000e+00
-7.000000000000000000e+00
-7.000000000000000000e+00
-7.000000000000000000e+00
-7.000000000000000000e+00
-7.000000000000000000e+00
-7.000000000000000000e+00
-7.000000000000000000e+00
-7.000000000000000000e+00
-7.000000000000000000e+00
-7.000000000000000000e+00
-7.000000000000000000e+00
-7.000000000000000000e+00
-7.000000000000000000e+00
-7.000000000000000000e+00
-7.000000000000000000e+00
-7.000000000000000000e+00
-7.000000000000000000e+00
-7.000000000000000000e+00
-7.000000000000000000e+00
-7.000000000000000000e+00
-7.000000000000000000e+00
-7.000000000000000000e+00
-7.000000000000000000e+00
-7.000000000000000000e+00
-7.000000000000000000e+00
-7.000000000000000000e+00
-7.000000000000000000e+00
-7.000000000000000000e+00
-7.000000000000000000e+00
-7.000000000000000000e+00
-7.000000000000000000e+00
-7.000000000000000000e+00
-7.000000000000000000e+00
-7.000000000000000000e+00
-7.000000000000000000e+00
-7.000000000000000000e+00
-7.000000000000000000e+00
-7.000000000000000000e+00
-7.000000000000000000e+00
-7.000000000000000000e+00
-7.000000000000000000e+00
-7.000000000000000000e+00
-7.000000000000000000e+00
-7.000000000000000000e+00
-7.000000000000000000e+00
-7.000000000000000000e+00
-7.000000000000000000e+00
-7.000000000000000000e+00
-7.000000000000000000e+00
-7.000000000000000000e+00
-7.000000000000000000e+00
-7.000000000000000000e+00
-7.000000000000000000e+00
-7.000000000000000000e+00
-7.000000000000000000e+00
-7.000000000000000000e+00
-7.000000000000000000e+00
-7.000000000000000000e+00
-7.000000000000000000e+00
-7.000000000000000000e+00
-7.000000000000000000e+00
-7.000000000000000000e+00
-7.000000000000000000e+00
-7.000000000000000000e+00
-7.000000000000000000e+00
-7.000000000000000000e+00
-7.000000000000000000e+00
-7.000000000000000000e+00
-7.000000000000000000e+00
-7.000000000000000000e+00
-7.000000000000000000e+00
-7.000000000000000000e+00
-7.000000000000000000e+00
-7.000000000000000000e+00
-7.000000000000000000e+00
-7.000000000000000000e+00
-7.000000000000000000e+00
-7.000000000000000000e+00
-7.000000000000000000e+00
-7.000000000000000000e+00
-7.000000000000000000e+00
-7.000000000000000000e+00
-7.000000000000000000e+00
-7.000000000000000000e+00
-7.000000000000000000e+00
-7.000000000000000000e+00
-7.000000000000000000e+00
-7.000000000000000000e+00
-7.000000000000000000e+00
-7.000000000000000000e+00
-7.000000000000000000e+00
-7.000000000000000000e+00
-7.000000000000000000e+00
-7.000000000000000000e+00
-7.000000000000000000e+00
-7.000000000000000000e+00
-7.000000000000000000e+00
-7.000000000000000000e+00
-7.000000000000000000e+00
-7.000000000000000000e+00
-7.000000000000000000e+00
-7.000000000000000000e+00
-7.000000000000000000e+00
-7.000000000000000000e+00
-7.000000000000000000e+00
-7.000000000000000000e+00
-7.000000000000000000e+00
-7.000000000000000000e+00
-7.000000000000000000e+00
-7.000000000000000000e+00
-7.000000000000000000e+00
-7.000000000000000000e+00
-7.000000000000000000e+00
-7.000000000000000000e+00
-7.000000000000000000e+00
-7.000000000000000000e+00
