-1.051000000000000000e+03
-9.990000000000000000e+02
-9.990000000000000000e+02
-1.051000000000000000e+03
-9.990000000000000000e+02
-1.200000000000000000e+03
-1.020000000000000000e+03
-1.112000000000000000e+03
-1.128000000000000000e+03
-1.010000000000000000e+03
-9.990000000000000000e+02
-1.153000000000000000e+03
-1.098000000000000000e+03
-1.068000000000000000e+03
-1.098000000000000000e+03
-1.200000000000000000e+03
-1.004000000000000000e+03
-1.161000000000000000e+03
-1.107000000000000000e+03
-1.232000000000000000e+03
-1.194000000000000000e+03
-9.990000000000000000e+02
-1.004000000000000000e+03
-1.132000000000000000e+03
-1.056000000000000000e+03
-1.103000000000000000e+03
-1.101000000000000000e+03
-1.359000000000000000e+03
-1.126000000000000000e+03
-1.119000000000000000e+03
-1.060000000000000000e+03
-1.111000000000000000e+03
-1.061000000000000000e+03
-1.129000000000000000e+03
-9.990000000000000000e+02
-9.990000000000000000e+02
-1.361000000000000000e+03
-1.121000000000000000e+03
-1.004000000000000000e+03
-1.083000000000000000e+03
-1.034000000000000000e+03
-9.990000000000000000e+02
-1.094000000000000000e+03
-1.038000000000000000e+03
-1.073000000000000000e+03
-1.098000000000000000e+03
-1.061000000000000000e+03
-1.056000000000000000e+03
-1.062000000000000000e+03
-1.038000000000000000e+03
-1.320000000000000000e+03
-1.315000000000000000e+03
-1.160000000000000000e+03
-1.061000000000000000e+03
-1.041000000000000000e+03
-1.101000000000000000e+03
-1.097000000000000000e+03
-1.210000000000000000e+03
-1.072000000000000000e+03
-1.067000000000000000e+03
-1.111000000000000000e+03
-9.990000000000000000e+02
-1.079000000000000000e+03
-1.047000000000000000e+03
-1.071000000000000000e+03
-1.093000000000000000e+03
-1.021000000000000000e+03
-1.120000000000000000e+03
-1.212000000000000000e+03
-1.206000000000000000e+03
-1.264000000000000000e+03
-1.112000000000000000e+03
-1.083000000000000000e+03
-1.051000000000000000e+03
-1.187000000000000000e+03
-1.129000000000000000e+03
-1.109000000000000000e+03
-1.121000000000000000e+03
-1.077000000000000000e+03
-1.196000000000000000e+03
-1.082000000000000000e+03
-1.014000000000000000e+03
-1.124000000000000000e+03
-1.107000000000000000e+03
-9.990000000000000000e+02
-1.068000000000000000e+03
-1.051000000000000000e+03
-1.061000000000000000e+03
-1.077000000000000000e+03
-1.119000000000000000e+03
-1.090000000000000000e+03
-1.071000000000000000e+03
-1.210000000000000000e+03
-1.269000000000000000e+03
-1.174000000000000000e+03
-1.004000000000000000e+03
-1.084000000000000000e+03
-1.098000000000000000e+03
-1.069000000000000000e+03
-1.021000000000000000e+03
-1.079000000000000000e+03
-1.040000000000000000e+03
-1.210000000000000000e+03
-1.098000000000000000e+03
-1.118000000000000000e+03
-1.192000000000000000e+03
-1.040000000000000000e+03
-1.046000000000000000e+03
-1.115000000000000000e+03
-1.113000000000000000e+03
-1.348000000000000000e+03
-1.026000000000000000e+03
-1.098000000000000000e+03
-1.288000000000000000e+03
-9.990000000000000000e+02
-1.123000000000000000e+03
-1.066000000000000000e+03
-1.205000000000000000e+03
-1.212000000000000000e+03
-1.177000000000000000e+03
-1.294000000000000000e+03
-1.066000000000000000e+03
-1.205000000000000000e+03
-1.131000000000000000e+03
-1.066000000000000000e+03
-1.213000000000000000e+03
-1.135000000000000000e+03
-1.220000000000000000e+03
-1.014000000000000000e+03
-1.098000000000000000e+03
-1.019000000000000000e+03
-1.448000000000000000e+03
-9.990000000000000000e+02
-1.051000000000000000e+03
-1.018000000000000000e+03
-1.068000000000000000e+03
-1.121000000000000000e+03
-1.133000000000000000e+03
-1.211000000000000000e+03
-1.098000000000000000e+03
-1.121000000000000000e+03
-1.016000000000000000e+03
-1.208000000000000000e+03
-1.069000000000000000e+03
-1.056000000000000000e+03
-1.062000000000000000e+03
-1.051000000000000000e+03
-1.095000000000000000e+03
-1.061000000000000000e+03
-1.134000000000000000e+03
-1.115000000000000000e+03
-1.142000000000000000e+03
-1.116000000000000000e+03
-1.150000000000000000e+03
-1.016000000000000000e+03
-1.148000000000000000e+03
-1.070000000000000000e+03
-1.025000000000000000e+03
-1.017000000000000000e+03
-1.098000000000000000e+03
-1.082000000000000000e+03
-1.184000000000000000e+03
-1.104000000000000000e+03
-1.120000000000000000e+03
-1.077000000000000000e+03
-1.106000000000000000e+03
-1.152000000000000000e+03
-1.030000000000000000e+03
-1.291000000000000000e+03
-1.025000000000000000e+03
-1.060000000000000000e+03
-1.178000000000000000e+03
-1.207000000000000000e+03
-1.032000000000000000e+03
-1.066000000000000000e+03
-1.080000000000000000e+03
-1.010000000000000000e+03
-1.172000000000000000e+03
-1.027000000000000000e+03
-1.112000000000000000e+03
-1.017000000000000000e+03
-1.177000000000000000e+03
-1.078000000000000000e+03
-9.990000000000000000e+02
-1.107000000000000000e+03
-1.097000000000000000e+03
-1.018000000000000000e+03
-1.179000000000000000e+03
-1.056000000000000000e+03
-1.025000000000000000e+03
-1.084000000000000000e+03
-1.044000000000000000e+03
-1.118000000000000000e+03
-1.211000000000000000e+03
-1.071000000000000000e+03
-1.043000000000000000e+03
-1.040000000000000000e+03
-1.020000000000000000e+03
-1.074000000000000000e+03
-1.145000000000000000e+03
-1.184000000000000000e+03
-1.204000000000000000e+03
-1.101000000000000000e+03
-1.125000000000000000e+03
-1.051000000000000000e+03
-1.119000000000000000e+03
-1.173000000000000000e+03
-1.027000000000000000e+03
-9.990000000000000000e+02
-1.025000000000000000e+03
-1.113000000000000000e+03
-1.226000000000000000e+03
-1.051000000000000000e+03
-1.051000000000000000e+03
-1.173000000000000000e+03
-1.051000000000000000e+03
-1.164000000000000000e+03
-1.025000000000000000e+03
-1.021000000000000000e+03
-1.082000000000000000e+03
-1.131000000000000000e+03
-1.183000000000000000e+03
-1.135000000000000000e+03
-1.118000000000000000e+03
-1.232000000000000000e+03
-1.004000000000000000e+03
-1.082000000000000000e+03
-1.073000000000000000e+03
-1.159000000000000000e+03
-9.990000000000000000e+02
-1.120000000000000000e+03
-1.275000000000000000e+03
-1.108000000000000000e+03
-1.206000000000000000e+03
-1.098000000000000000e+03
-1.098000000000000000e+03
-1.109000000000000000e+03
-1.180000000000000000e+03
-1.360000000000000000e+03
-1.170000000000000000e+03
-1.168000000000000000e+03
-1.085000000000000000e+03
-1.176000000000000000e+03
-9.990000000000000000e+02
-1.022000000000000000e+03
-1.081000000000000000e+03
-1.103000000000000000e+03
-1.313000000000000000e+03
-1.041000000000000000e+03
-1.009000000000000000e+03
-3.600000000000000000e+01
-1.126000000000000000e+03
-1.073000000000000000e+03
-1.026000000000000000e+03
-1.019000000000000000e+03
-1.050000000000000000e+03
-1.044000000000000000e+03
-1.056000000000000000e+03
-1.051000000000000000e+03
-1.122000000000000000e+03
-1.027000000000000000e+03
-1.078000000000000000e+03
-1.146000000000000000e+03
-1.123000000000000000e+03
-1.118000000000000000e+03
-1.095000000000000000e+03
-1.051000000000000000e+03
-1.060000000000000000e+03
-1.029000000000000000e+03
-1.243000000000000000e+03
-1.096000000000000000e+03
-1.077000000000000000e+03
-1.044000000000000000e+03
-1.210000000000000000e+03
-1.136000000000000000e+03
-1.026000000000000000e+03
-1.142000000000000000e+03
-1.031000000000000000e+03
-9.990000000000000000e+02
-1.122000000000000000e+03
-1.026000000000000000e+03
-1.131000000000000000e+03
-1.156000000000000000e+03
-1.120000000000000000e+03
-1.098000000000000000e+03
-1.284000000000000000e+03
-1.107000000000000000e+03
-1.101000000000000000e+03
-1.026000000000000000e+03
-1.147000000000000000e+03
-1.137000000000000000e+03
-9.990000000000000000e+02
-1.081000000000000000e+03
-1.093000000000000000e+03
-1.127000000000000000e+03
-1.110000000000000000e+03
-1.115000000000000000e+03
-1.089000000000000000e+03
-1.023000000000000000e+03
-1.091000000000000000e+03
-1.072000000000000000e+03
-1.173000000000000000e+03
-1.306000000000000000e+03
-1.124000000000000000e+03
-1.031000000000000000e+03
-1.226000000000000000e+03
-1.196000000000000000e+03
-1.211000000000000000e+03
-1.028000000000000000e+03
-1.075000000000000000e+03
-1.021000000000000000e+03
-1.110000000000000000e+03
-1.023000000000000000e+03
-1.091000000000000000e+03
-9.990000000000000000e+02
-1.126000000000000000e+03
-1.109000000000000000e+03
-1.053000000000000000e+03
-1.142000000000000000e+03
-9.990000000000000000e+02
-1.164000000000000000e+03
-1.355000000000000000e+03
-1.021000000000000000e+03
-1.038000000000000000e+03
-1.247000000000000000e+03
-1.130000000000000000e+03
-9.990000000000000000e+02
-1.125000000000000000e+03
-1.146000000000000000e+03
-1.073000000000000000e+03
-1.119000000000000000e+03
-1.226000000000000000e+03
-9.990000000000000000e+02
-9.990000000000000000e+02
-1.051000000000000000e+03
-1.119000000000000000e+03
-1.021000000000000000e+03
-1.154000000000000000e+03
-1.076000000000000000e+03
-1.131000000000000000e+03
-1.101000000000000000e+03
-1.225000000000000000e+03
-9.990000000000000000e+02
-1.026000000000000000e+03
-1.008000000000000000e+03
-1.189000000000000000e+03
-1.033000000000000000e+03
-1.143000000000000000e+03
-1.010000000000000000e+03
-1.119000000000000000e+03
-1.022000000000000000e+03
-1.173000000000000000e+03
-1.078000000000000000e+03
-1.198000000000000000e+03
-1.189000000000000000e+03
-1.025000000000000000e+03
-1.077000000000000000e+03
-1.021000000000000000e+03
-1.157000000000000000e+03
-1.020000000000000000e+03
-9.990000000000000000e+02
-1.023000000000000000e+03
-1.177000000000000000e+03
-1.099000000000000000e+03
-1.194000000000000000e+03
-1.198000000000000000e+03
-1.219000000000000000e+03
-1.073000000000000000e+03
-1.077000000000000000e+03
-1.182000000000000000e+03
-1.136000000000000000e+03
-1.120000000000000000e+03
-1.079000000000000000e+03
-1.038000000000000000e+03
-1.103000000000000000e+03
-1.109000000000000000e+03
-1.111000000000000000e+03
-1.257000000000000000e+03
-1.141000000000000000e+03
-1.129000000000000000e+03
-1.081000000000000000e+03
-1.138000000000000000e+03
-1.068000000000000000e+03
-1.068000000000000000e+03
-9.990000000000000000e+02
-1.051000000000000000e+03
-1.022000000000000000e+03
-1.057000000000000000e+03
-1.050000000000000000e+03
-1.178000000000000000e+03
-1.145000000000000000e+03
-1.119000000000000000e+03
-1.140000000000000000e+03
-1.173000000000000000e+03
-1.044000000000000000e+03
-9.990000000000000000e+02
-1.218000000000000000e+03
-1.021000000000000000e+03
-1.046000000000000000e+03
-1.021000000000000000e+03
-1.239000000000000000e+03
-1.296000000000000000e+03
-1.201000000000000000e+03
-1.127000000000000000e+03
-1.026000000000000000e+03
-1.156000000000000000e+03
-1.169000000000000000e+03
-1.055000000000000000e+03
-1.078000000000000000e+03
-1.144000000000000000e+03
-1.191000000000000000e+03
-1.054000000000000000e+03
-1.283000000000000000e+03
-1.313000000000000000e+03
-9.990000000000000000e+02
-1.146000000000000000e+03
-9.990000000000000000e+02
-1.273000000000000000e+03
-1.133000000000000000e+03
-1.090000000000000000e+03
-1.076000000000000000e+03
-1.027000000000000000e+03
-1.183000000000000000e+03
-1.082000000000000000e+03
-1.030000000000000000e+03
-1.108000000000000000e+03
-1.004000000000000000e+03
-1.042000000000000000e+03
-1.084000000000000000e+03
-1.082000000000000000e+03
-1.034000000000000000e+03
-1.132000000000000000e+03
-1.099000000000000000e+03
-1.091000000000000000e+03
-1.101000000000000000e+03
-1.231000000000000000e+03
-1.222000000000000000e+03
-1.014000000000000000e+03
-1.102000000000000000e+03
-1.031000000000000000e+03
-1.028000000000000000e+03
-4.200000000000000000e+01
-9.990000000000000000e+02
-1.028000000000000000e+03
-9.990000000000000000e+02
-1.051000000000000000e+03
-1.051000000000000000e+03
-1.137000000000000000e+03
-1.084000000000000000e+03
-1.098000000000000000e+03
-1.235000000000000000e+03
-1.015000000000000000e+03
-1.121000000000000000e+03
-1.124000000000000000e+03
-1.111000000000000000e+03
-1.138000000000000000e+03
-1.021000000000000000e+03
-1.049000000000000000e+03
-1.116000000000000000e+03
-1.080000000000000000e+03
-1.026000000000000000e+03
-1.129000000000000000e+03
-1.113000000000000000e+03
-1.218000000000000000e+03
-1.103000000000000000e+03
-1.087000000000000000e+03
-1.196000000000000000e+03
-1.130000000000000000e+03
-1.092000000000000000e+03
-1.187000000000000000e+03
-1.164000000000000000e+03
-1.115000000000000000e+03
-1.093000000000000000e+03
-1.090000000000000000e+03
-1.065000000000000000e+03
-1.258000000000000000e+03
-1.157000000000000000e+03
-1.142000000000000000e+03
-9.300000000000000000e+01
-1.039000000000000000e+03
-1.187000000000000000e+03
-1.222000000000000000e+03
-1.093000000000000000e+03
-1.125000000000000000e+03
-1.146000000000000000e+03
-1.205000000000000000e+03
-1.220000000000000000e+03
-1.039000000000000000e+03
-1.079000000000000000e+03
-1.201000000000000000e+03
-1.119000000000000000e+03
-9.990000000000000000e+02
-1.214000000000000000e+03
-1.086000000000000000e+03
-1.169000000000000000e+03
-1.120000000000000000e+03
-1.073000000000000000e+03
-1.038000000000000000e+03
-1.130000000000000000e+03
-1.271000000000000000e+03
-1.077000000000000000e+03
-1.117000000000000000e+03
-1.066000000000000000e+03
-1.008000000000000000e+03
-1.136000000000000000e+03
-1.117000000000000000e+03
-1.276000000000000000e+03
-1.004000000000000000e+03
-1.226000000000000000e+03
-1.004000000000000000e+03
-1.135000000000000000e+03
-1.224000000000000000e+03
-1.125000000000000000e+03
-1.051000000000000000e+03
-1.038000000000000000e+03
-1.078000000000000000e+03
-9.990000000000000000e+02
-1.162000000000000000e+03
-1.083000000000000000e+03
-1.125000000000000000e+03
-1.014000000000000000e+03
-1.033000000000000000e+03
-1.061000000000000000e+03
-1.132000000000000000e+03
-1.101000000000000000e+03
-1.260000000000000000e+03
-1.081000000000000000e+03
-1.280000000000000000e+03
-1.098000000000000000e+03
-1.121000000000000000e+03
-1.236000000000000000e+03
-1.008000000000000000e+03
-1.040000000000000000e+03
-1.158000000000000000e+03
-1.216000000000000000e+03
-1.051000000000000000e+03
-1.108000000000000000e+03
-1.520000000000000000e+02
-1.087000000000000000e+03
-9.990000000000000000e+02
-1.049000000000000000e+03
-1.128000000000000000e+03
-3.700000000000000000e+01
-1.101000000000000000e+03
-1.181000000000000000e+03
-1.008000000000000000e+03
-7.400000000000000000e+01
-1.089000000000000000e+03
-1.132000000000000000e+03
-1.092000000000000000e+03
-1.101000000000000000e+03
-1.600000000000000000e+01
-3.200000000000000000e+01
-9.990000000000000000e+02
-1.132000000000000000e+03
-1.600000000000000000e+01
-1.130000000000000000e+03
-1.125000000000000000e+03
-1.036000000000000000e+03
-1.269000000000000000e+03
-1.065000000000000000e+03
-1.600000000000000000e+01
-1.081000000000000000e+03
-1.085000000000000000e+03
-1.098000000000000000e+03
-1.037000000000000000e+03
-1.060000000000000000e+03
-1.118000000000000000e+03
-1.049000000000000000e+03
-1.021000000000000000e+03
-1.150000000000000000e+03
-5.900000000000000000e+01
-1.600000000000000000e+01
-1.250000000000000000e+03
-9.100000000000000000e+01
-1.600000000000000000e+01
-1.022000000000000000e+03
-1.600000000000000000e+01
-1.600000000000000000e+01
-1.109000000000000000e+03
-1.600000000000000000e+01
-1.126000000000000000e+03
-1.065000000000000000e+03
-1.090000000000000000e+03
-1.111000000000000000e+03
-1.021000000000000000e+03
-1.160000000000000000e+03
-1.600000000000000000e+01
-1.600000000000000000e+01
-1.077000000000000000e+03
-1.600000000000000000e+01
-1.131000000000000000e+03
-8.800000000000000000e+01
-1.600000000000000000e+01
-1.800000000000000000e+01
-1.290000000000000000e+02
-1.600000000000000000e+01
-9.990000000000000000e+02
-4.100000000000000000e+01
-1.600000000000000000e+01
-1.032000000000000000e+03
-1.600000000000000000e+01
-1.071000000000000000e+03
-1.600000000000000000e+01
-1.600000000000000000e+01
-1.085000000000000000e+03
-1.600000000000000000e+01
-1.600000000000000000e+01
-1.158000000000000000e+03
-4.100000000000000000e+01
-1.600000000000000000e+01
-1.600000000000000000e+01
-1.600000000000000000e+01
-1.600000000000000000e+01
-1.173000000000000000e+03
-1.600000000000000000e+01
-1.600000000000000000e+01
-1.121000000000000000e+03
-9.990000000000000000e+02
-1.600000000000000000e+01
-1.600000000000000000e+01
-1.600000000000000000e+01
-1.600000000000000000e+01
-1.600000000000000000e+01
-1.264000000000000000e+03
-1.600000000000000000e+01
-2.700000000000000000e+01
-1.014000000000000000e+03
-1.600000000000000000e+01
-1.098000000000000000e+03
-1.122000000000000000e+03
-1.600000000000000000e+01
-7.800000000000000000e+01
-1.600000000000000000e+01
-1.600000000000000000e+01
-1.059000000000000000e+03
-1.098000000000000000e+03
-1.088000000000000000e+03
-1.600000000000000000e+01
-1.209000000000000000e+03
-1.600000000000000000e+01
-1.091000000000000000e+03
-1.600000000000000000e+01
-1.600000000000000000e+01
-1.219000000000000000e+03
-1.600000000000000000e+01
-1.600000000000000000e+01
-1.600000000000000000e+01
-1.214000000000000000e+03
-1.600000000000000000e+01
-9.990000000000000000e+02
-1.111000000000000000e+03
-1.600000000000000000e+01
-4.100000000000000000e+01
-1.098000000000000000e+03
-2.100000000000000000e+01
-1.600000000000000000e+01
-1.028000000000000000e+03
-1.140000000000000000e+03
-1.600000000000000000e+01
-1.600000000000000000e+01
-1.073000000000000000e+03
-2.100000000000000000e+01
-1.115000000000000000e+03
-1.263000000000000000e+03
-1.600000000000000000e+01
-1.600000000000000000e+01
-1.008000000000000000e+03
-1.600000000000000000e+01
-1.600000000000000000e+01
-1.600000000000000000e+01
-1.175000000000000000e+03
-9.000000000000000000e+01
-1.600000000000000000e+01
-1.600000000000000000e+01
-1.600000000000000000e+01
-1.600000000000000000e+01
-1.600000000000000000e+01
-3.600000000000000000e+01
-1.600000000000000000e+01
-1.600000000000000000e+01
-1.036000000000000000e+03
-1.021000000000000000e+03
-1.138000000000000000e+03
-1.600000000000000000e+01
-1.600000000000000000e+01
-1.600000000000000000e+01
-1.600000000000000000e+01
-2.600000000000000000e+01
-1.239000000000000000e+03
-1.051000000000000000e+03
-1.600000000000000000e+01
-1.600000000000000000e+01
-1.600000000000000000e+01
-1.066000000000000000e+03
-1.600000000000000000e+01
-1.600000000000000000e+01
-1.600000000000000000e+01
-1.600000000000000000e+01
-4.600000000000000000e+01
-1.128000000000000000e+03
-3.600000000000000000e+01
-1.199000000000000000e+03
-9.990000000000000000e+02
-1.800000000000000000e+01
-1.037000000000000000e+03
-1.600000000000000000e+01
-1.014000000000000000e+03
-1.059000000000000000e+03
-1.190000000000000000e+03
-1.098000000000000000e+03
-1.600000000000000000e+01
-1.008000000000000000e+03
-1.600000000000000000e+01
-1.600000000000000000e+01
-1.600000000000000000e+01
-3.200000000000000000e+01
-1.142000000000000000e+03
-1.218000000000000000e+03
-1.066000000000000000e+03
-1.098000000000000000e+03
-2.600000000000000000e+01
-1.600000000000000000e+01
-7.500000000000000000e+01
-1.600000000000000000e+01
-1.600000000000000000e+01
-9.990000000000000000e+02
-1.600000000000000000e+01
-1.139000000000000000e+03
-1.600000000000000000e+01
-3.700000000000000000e+01
-1.600000000000000000e+01
-1.088000000000000000e+03
-1.073000000000000000e+03
-1.111000000000000000e+03
-1.021000000000000000e+03
-1.600000000000000000e+01
-2.400000000000000000e+01
-1.107000000000000000e+03
-1.060000000000000000e+03
-1.084000000000000000e+03
-1.600000000000000000e+01
-2.300000000000000000e+01
-1.600000000000000000e+01
-9.990000000000000000e+02
-7.800000000000000000e+01
-1.021000000000000000e+03
-1.600000000000000000e+01
-1.290000000000000000e+02
-1.025000000000000000e+03
-1.600000000000000000e+01
-1.600000000000000000e+01
-1.600000000000000000e+01
-1.032000000000000000e+03
-1.600000000000000000e+01
-1.036000000000000000e+03
-1.060000000000000000e+03
-9.990000000000000000e+02
-1.600000000000000000e+01
-1.600000000000000000e+01
-1.051000000000000000e+03
-1.600000000000000000e+01
-1.600000000000000000e+01
-3.700000000000000000e+01
-3.200000000000000000e+01
-9.990000000000000000e+02
-1.600000000000000000e+01
-1.008000000000000000e+03
-1.107000000000000000e+03
-1.140000000000000000e+03
-1.060000000000000000e+03
-1.600000000000000000e+01
-1.600000000000000000e+01
-1.243000000000000000e+03
-1.051000000000000000e+03
-1.600000000000000000e+01
-9.990000000000000000e+02
-1.008000000000000000e+03
-1.008000000000000000e+03
-1.700000000000000000e+01
-1.600000000000000000e+01
-1.600000000000000000e+01
-2.090000000000000000e+02
-1.600000000000000000e+01
-1.098000000000000000e+03
-1.151000000000000000e+03
-9.990000000000000000e+02
-1.600000000000000000e+01
-1.111000000000000000e+03
-1.600000000000000000e+01
-1.600000000000000000e+01
-1.600000000000000000e+01
-1.600000000000000000e+01
-2.400000000000000000e+01
-1.600000000000000000e+01
-1.107000000000000000e+03
-1.600000000000000000e+01
-1.600000000000000000e+01
-1.600000000000000000e+01
-1.066000000000000000e+03
-1.062000000000000000e+03
-1.107000000000000000e+03
-1.600000000000000000e+01
-1.600000000000000000e+01
-1.600000000000000000e+01
-1.900000000000000000e+01
-1.014000000000000000e+03
-1.098000000000000000e+03
-1.214000000000000000e+03
-2.600000000000000000e+01
-1.051000000000000000e+03
-1.008000000000000000e+03
-1.600000000000000000e+01
-6.800000000000000000e+01
-2.700000000000000000e+01
-1.600000000000000000e+01
-1.600000000000000000e+01
-1.600000000000000000e+01
-1.600000000000000000e+01
-1.600000000000000000e+01
-1.111000000000000000e+03
-1.600000000000000000e+01
-1.600000000000000000e+01
-1.600000000000000000e+01
-1.600000000000000000e+01
-1.600000000000000000e+01
-2.100000000000000000e+01
-1.600000000000000000e+01
-1.600000000000000000e+01
-1.600000000000000000e+01
-1.600000000000000000e+01
-1.700000000000000000e+01
-1.300000000000000000e+02
-1.600000000000000000e+01
-1.600000000000000000e+01
-2.200000000000000000e+01
-1.008000000000000000e+03
-1.600000000000000000e+01
-1.600000000000000000e+01
-1.600000000000000000e+01
-1.600000000000000000e+01
-1.600000000000000000e+01
-1.600000000000000000e+01
-1.600000000000000000e+01
-1.600000000000000000e+01
-1.051000000000000000e+03
-1.014000000000000000e+03
-1.600000000000000000e+01
-6.800000000000000000e+01
-1.600000000000000000e+01
-1.600000000000000000e+01
-1.600000000000000000e+01
-1.014000000000000000e+03
-1.600000000000000000e+01
-1.600000000000000000e+01
-1.025000000000000000e+03
-1.600000000000000000e+01
-1.147000000000000000e+03
-1.600000000000000000e+01
-1.600000000000000000e+01
-1.600000000000000000e+01
-1.600000000000000000e+01
-1.183000000000000000e+03
-1.600000000000000000e+01
-1.167000000000000000e+03
-6.800000000000000000e+01
-1.178000000000000000e+03
-1.600000000000000000e+01
-1.600000000000000000e+01
-1.600000000000000000e+01
-1.600000000000000000e+01
-3.700000000000000000e+01
-1.008000000000000000e+03
-1.600000000000000000e+01
-1.600000000000000000e+01
-1.600000000000000000e+01
-9.990000000000000000e+02
-1.600000000000000000e+01
-1.110000000000000000e+02
-1.290000000000000000e+02
-1.800000000000000000e+01
-1.036000000000000000e+03
-1.121000000000000000e+03
-1.600000000000000000e+01
-1.008000000000000000e+03
-1.600000000000000000e+01
-1.600000000000000000e+01
-1.600000000000000000e+01
-1.600000000000000000e+01
-1.600000000000000000e+01
-3.200000000000000000e+01
-1.600000000000000000e+01
-1.035000000000000000e+03
-1.800000000000000000e+01
-1.600000000000000000e+01
-1.600000000000000000e+01
-1.600000000000000000e+01
-2.600000000000000000e+01
-1.600000000000000000e+01
-1.600000000000000000e+01
-1.600000000000000000e+01
-2.600000000000000000e+01
-4.600000000000000000e+01
-1.137000000000000000e+03
-1.600000000000000000e+01
-1.600000000000000000e+01
-1.014000000000000000e+03
-1.025000000000000000e+03
-1.111000000000000000e+03
-1.600000000000000000e+01
-1.600000000000000000e+01
-1.600000000000000000e+01
-1.060000000000000000e+03
-9.990000000000000000e+02
-9.990000000000000000e+02
-1.600000000000000000e+01
-7.800000000000000000e+01
-1.600000000000000000e+01
-1.008000000000000000e+03
-1.034000000000000000e+03
-3.600000000000000000e+01
-1.600000000000000000e+01
-9.990000000000000000e+02
-1.600000000000000000e+01
-1.600000000000000000e+01
-1.600000000000000000e+01
-1.135000000000000000e+03
-1.740000000000000000e+02
-1.230000000000000000e+02
-1.229000000000000000e+03
-1.098000000000000000e+03
-1.115000000000000000e+03
-1.600000000000000000e+01
-1.600000000000000000e+01
-1.600000000000000000e+01
-1.025000000000000000e+03
-1.111000000000000000e+03
-1.051000000000000000e+03
-1.600000000000000000e+01
-1.600000000000000000e+01
-9.990000000000000000e+02
-1.085000000000000000e+03
-1.077000000000000000e+03
-1.600000000000000000e+01
-1.600000000000000000e+01
-1.600000000000000000e+01
-1.120000000000000000e+03
-1.600000000000000000e+01
-1.204000000000000000e+03
-1.600000000000000000e+01
-1.204000000000000000e+03
-1.180000000000000000e+02
-1.194000000000000000e+03
-1.600000000000000000e+01
-1.046000000000000000e+03
-1.600000000000000000e+01
-1.600000000000000000e+01
-1.600000000000000000e+01
-7.800000000000000000e+01
-1.600000000000000000e+01
-1.600000000000000000e+01
-1.600000000000000000e+01
-1.600000000000000000e+01
-1.066000000000000000e+03
-3.000000000000000000e+01
-1.600000000000000000e+01
-1.600000000000000000e+01
-1.249000000000000000e+03
-1.021000000000000000e+03
-1.600000000000000000e+01
-1.970000000000000000e+02
-7.800000000000000000e+01
-2.600000000000000000e+01
-1.111000000000000000e+03
-1.600000000000000000e+01
-9.990000000000000000e+02
-1.600000000000000000e+01
-1.060000000000000000e+03
-1.600000000000000000e+01
-1.600000000000000000e+01
-1.600000000000000000e+01
-1.600000000000000000e+01
-1.100000000000000000e+03
-1.600000000000000000e+01
-1.077000000000000000e+03
-1.025000000000000000e+03
-1.600000000000000000e+01
-1.600000000000000000e+01
-1.600000000000000000e+01
-1.111000000000000000e+03
-9.990000000000000000e+02
-1.600000000000000000e+01
-1.214000000000000000e+03
-1.700000000000000000e+01
-1.600000000000000000e+01
-1.600000000000000000e+01
-1.600000000000000000e+01
-1.600000000000000000e+01
-1.600000000000000000e+01
-1.600000000000000000e+01
-1.600000000000000000e+01
-3.600000000000000000e+01
-1.600000000000000000e+01
-3.200000000000000000e+01
-1.600000000000000000e+01
-1.600000000000000000e+01
-1.600000000000000000e+01
-1.600000000000000000e+01
-1.600000000000000000e+01
-1.600000000000000000e+01
-1.060000000000000000e+03
-1.600000000000000000e+01
-3.700000000000000000e+01
-4.600000000000000000e+01
-1.600000000000000000e+01
-1.600000000000000000e+01
-1.008000000000000000e+03
-1.091000000000000000e+03
-3.000000000000000000e+01
-1.060000000000000000e+03
-9.990000000000000000e+02
-1.600000000000000000e+01
-1.600000000000000000e+01
-1.008000000000000000e+03
-1.600000000000000000e+01
-1.600000000000000000e+01
-1.031000000000000000e+03
-1.600000000000000000e+01
-1.600000000000000000e+01
-1.600000000000000000e+01
-1.600000000000000000e+01
-1.060000000000000000e+03
-1.600000000000000000e+01
-1.600000000000000000e+01
-1.600000000000000000e+01
-1.600000000000000000e+01
-9.990000000000000000e+02
-1.021000000000000000e+03
-1.132000000000000000e+03
-1.600000000000000000e+01
-1.600000000000000000e+01
-1.600000000000000000e+01
-1.600000000000000000e+01
-3.600000000000000000e+01
-1.600000000000000000e+01
-6.800000000000000000e+01
-1.600000000000000000e+01
-1.600000000000000000e+01
-1.600000000000000000e+01
-1.600000000000000000e+01
-1.600000000000000000e+01
-1.064000000000000000e+03
-1.600000000000000000e+01
-1.008000000000000000e+03
-7.500000000000000000e+01
-1.600000000000000000e+01
-1.600000000000000000e+01
-1.600000000000000000e+01
-1.600000000000000000e+01
-1.154000000000000000e+03
-1.600000000000000000e+01
-1.101000000000000000e+03
-1.204000000000000000e+03
-1.111000000000000000e+03
-2.400000000000000000e+01
-1.600000000000000000e+01
-1.600000000000000000e+01
-1.600000000000000000e+01
-1.600000000000000000e+01
-1.600000000000000000e+01
-1.600000000000000000e+01
-1.600000000000000000e+01
-1.060000000000000000e+03
-1.164000000000000000e+03
-1.204000000000000000e+03
-1.600000000000000000e+01
-1.600000000000000000e+01
-1.600000000000000000e+01
-1.600000000000000000e+01
-2.600000000000000000e+01
-1.135000000000000000e+03
-1.025000000000000000e+03
-1.600000000000000000e+01
-1.600000000000000000e+01
-1.600000000000000000e+01
-1.161000000000000000e+03
-1.600000000000000000e+01
-1.600000000000000000e+01
-1.600000000000000000e+01
-2.400000000000000000e+01
-1.600000000000000000e+01
-1.060000000000000000e+03
-1.277000000000000000e+03
-1.600000000000000000e+01
-1.600000000000000000e+01
-1.600000000000000000e+01
-1.600000000000000000e+01
-7.600000000000000000e+01
-1.600000000000000000e+01
-1.600000000000000000e+01
-1.025000000000000000e+03
-2.400000000000000000e+01
-1.600000000000000000e+01
-1.600000000000000000e+01
-1.600000000000000000e+01
-1.600000000000000000e+01
-1.110000000000000000e+02
-1.298000000000000000e+03
-1.230000000000000000e+02
-2.300000000000000000e+01
-1.290000000000000000e+02
-1.600000000000000000e+01
-7.600000000000000000e+01
-1.600000000000000000e+01
-1.060000000000000000e+03
-1.600000000000000000e+01
-1.600000000000000000e+01
-1.600000000000000000e+01
-4.100000000000000000e+01
-1.600000000000000000e+01
-1.600000000000000000e+01
-1.080000000000000000e+03
-1.600000000000000000e+01
-1.600000000000000000e+01
-1.600000000000000000e+01
-1.600000000000000000e+01
-1.060000000000000000e+03
-1.600000000000000000e+01
-1.600000000000000000e+01
-1.600000000000000000e+01
-1.600000000000000000e+01
-1.107000000000000000e+03
-1.600000000000000000e+01
-4.500000000000000000e+01
-1.600000000000000000e+01
-7.300000000000000000e+01
-1.600000000000000000e+01
-1.600000000000000000e+01
-1.600000000000000000e+01
-1.600000000000000000e+01
-1.600000000000000000e+01
-1.600000000000000000e+01
-1.600000000000000000e+01
-1.600000000000000000e+01
-1.600000000000000000e+01
-1.900000000000000000e+01
-1.600000000000000000e+01
-1.600000000000000000e+01
-1.051000000000000000e+03
-1.600000000000000000e+01
-1.600000000000000000e+01
-1.600000000000000000e+01
-1.014000000000000000e+03
-1.060000000000000000e+03
-1.600000000000000000e+01
-1.080000000000000000e+02
-1.600000000000000000e+01
-1.600000000000000000e+01
-1.600000000000000000e+01
-1.600000000000000000e+01
-1.600000000000000000e+01
-1.600000000000000000e+01
-1.600000000000000000e+01
-1.600000000000000000e+01
-1.073000000000000000e+03
-1.600000000000000000e+01
-1.600000000000000000e+01
-1.600000000000000000e+01
-1.098000000000000000e+03
-1.600000000000000000e+01
-1.600000000000000000e+01
-1.600000000000000000e+01
-1.032000000000000000e+03
-1.600000000000000000e+01
-1.600000000000000000e+01
-1.600000000000000000e+01
-3.200000000000000000e+01
-1.040000000000000000e+03
-1.600000000000000000e+01
-1.600000000000000000e+01
-1.600000000000000000e+01
-1.600000000000000000e+01
-1.600000000000000000e+01
-1.025000000000000000e+03
-1.600000000000000000e+01
-1.110000000000000000e+02
-1.111000000000000000e+03
-1.092000000000000000e+03
-1.340000000000000000e+02
-1.600000000000000000e+01
-1.600000000000000000e+01
-2.200000000000000000e+01
-1.600000000000000000e+01
-1.600000000000000000e+01
-1.600000000000000000e+01
-1.600000000000000000e+01
-1.600000000000000000e+01
-1.600000000000000000e+01
-1.008000000000000000e+03
-1.600000000000000000e+01
-1.600000000000000000e+01
-1.008000000000000000e+03
-1.600000000000000000e+01
-1.188000000000000000e+03
-1.600000000000000000e+01
-1.600000000000000000e+01
-1.600000000000000000e+01
-1.600000000000000000e+01
-1.051000000000000000e+03
-9.990000000000000000e+02
-1.600000000000000000e+01
-1.600000000000000000e+01
-1.600000000000000000e+01
-1.600000000000000000e+01
-1.600000000000000000e+01
-1.142000000000000000e+03
-4.100000000000000000e+01
-1.600000000000000000e+01
-1.600000000000000000e+01
-1.600000000000000000e+01
-1.600000000000000000e+01
-1.600000000000000000e+01
-1.600000000000000000e+01
-1.600000000000000000e+01
-1.600000000000000000e+01
-1.600000000000000000e+01
-1.600000000000000000e+01
-1.600000000000000000e+01
-1.111000000000000000e+03
-1.214000000000000000e+03
-1.008000000000000000e+03
-1.121000000000000000e+03
-1.600000000000000000e+01
-6.800000000000000000e+01
-1.600000000000000000e+01
-2.600000000000000000e+01
-1.600000000000000000e+01
-1.121000000000000000e+03
-1.600000000000000000e+01
-1.021000000000000000e+03
-1.600000000000000000e+01
-1.600000000000000000e+01
-1.600000000000000000e+01
-1.600000000000000000e+01
-1.600000000000000000e+01
-1.600000000000000000e+01
-1.600000000000000000e+01
-1.600000000000000000e+01
-1.600000000000000000e+01
-1.600000000000000000e+01
-1.025000000000000000e+03
-1.098000000000000000e+03
-3.600000000000000000e+01
-1.600000000000000000e+01
-9.990000000000000000e+02
-1.051000000000000000e+03
-1.221000000000000000e+03
-1.600000000000000000e+01
-1.600000000000000000e+01
-7.900000000000000000e+01
-1.025000000000000000e+03
-1.600000000000000000e+01
-1.600000000000000000e+01
-1.600000000000000000e+01
-1.600000000000000000e+01
-1.600000000000000000e+01
-1.600000000000000000e+01
-1.600000000000000000e+01
-1.107000000000000000e+03
-2.100000000000000000e+01
-1.021000000000000000e+03
-1.600000000000000000e+01
-1.600000000000000000e+01
-1.600000000000000000e+01
-1.600000000000000000e+01
-1.600000000000000000e+01
-1.600000000000000000e+01
-1.600000000000000000e+01
-1.600000000000000000e+01
-1.121000000000000000e+03
-1.600000000000000000e+01
-1.600000000000000000e+01
-1.008000000000000000e+03
-1.066000000000000000e+03
-1.600000000000000000e+01
-1.600000000000000000e+01
-1.600000000000000000e+01
-1.600000000000000000e+01
-1.025000000000000000e+03
-1.600000000000000000e+01
-1.066000000000000000e+03
-1.600000000000000000e+01
-1.600000000000000000e+01
-1.600000000000000000e+01
-1.600000000000000000e+01
-1.600000000000000000e+01
-1.600000000000000000e+01
-1.600000000000000000e+01
-1.107000000000000000e+03
-1.014000000000000000e+03
-1.600000000000000000e+01
-1.600000000000000000e+01
-1.600000000000000000e+01
-2.400000000000000000e+01
-1.600000000000000000e+01
-1.138000000000000000e+03
-1.600000000000000000e+01
-1.600000000000000000e+01
-1.600000000000000000e+01
-1.600000000000000000e+01
-1.600000000000000000e+01
-1.600000000000000000e+01
-1.600000000000000000e+01
-1.600000000000000000e+01
-1.600000000000000000e+01
-1.600000000000000000e+01
-1.600000000000000000e+01
-1.095000000000000000e+03
-9.800000000000000000e+01
-1.096000000000000000e+03
-1.600000000000000000e+01
-1.900000000000000000e+01
-1.600000000000000000e+01
-1.600000000000000000e+01
-1.600000000000000000e+01
-1.600000000000000000e+01
-1.600000000000000000e+01
-1.600000000000000000e+01
-1.039000000000000000e+03
-1.600000000000000000e+01
-1.600000000000000000e+01
-6.800000000000000000e+01
-1.600000000000000000e+01
-3.200000000000000000e+01
-1.600000000000000000e+01
-2.100000000000000000e+01
-1.600000000000000000e+01
-1.213000000000000000e+03
-1.077000000000000000e+03
-1.600000000000000000e+01
-2.600000000000000000e+01
-1.600000000000000000e+01
-1.600000000000000000e+01
-4.500000000000000000e+01
-1.600000000000000000e+01
-1.225000000000000000e+03
-1.600000000000000000e+01
-1.051000000000000000e+03
-1.600000000000000000e+01
-3.900000000000000000e+01
-1.900000000000000000e+01
-1.600000000000000000e+01
-1.014000000000000000e+03
-2.200000000000000000e+01
-1.600000000000000000e+01
-1.600000000000000000e+01
-1.600000000000000000e+01
-1.600000000000000000e+01
-1.600000000000000000e+01
-1.008000000000000000e+03
-1.600000000000000000e+01
-1.600000000000000000e+01
-1.008000000000000000e+03
-2.400000000000000000e+01
-1.600000000000000000e+01
-1.121000000000000000e+03
-1.600000000000000000e+01
-1.600000000000000000e+01
-1.600000000000000000e+01
-9.990000000000000000e+02
-1.600000000000000000e+01
-1.600000000000000000e+01
-1.600000000000000000e+01
-1.600000000000000000e+01
-1.600000000000000000e+01
-1.077000000000000000e+03
-1.600000000000000000e+01
-1.600000000000000000e+01
-1.600000000000000000e+01
-1.600000000000000000e+01
-1.600000000000000000e+01
-1.025000000000000000e+03
-1.600000000000000000e+01
-1.204000000000000000e+03
-1.700000000000000000e+01
-1.600000000000000000e+01
-1.600000000000000000e+01
-1.600000000000000000e+01
-1.600000000000000000e+01
-1.600000000000000000e+01
-1.600000000000000000e+01
-1.600000000000000000e+01
-2.200000000000000000e+01
-2.300000000000000000e+01
-1.600000000000000000e+01
-1.098000000000000000e+03
-1.600000000000000000e+01
-1.600000000000000000e+01
-1.600000000000000000e+01
-1.600000000000000000e+01
-1.600000000000000000e+01
-1.600000000000000000e+01
-1.600000000000000000e+01
-1.600000000000000000e+01
-1.600000000000000000e+01
-1.600000000000000000e+01
-1.600000000000000000e+01
-1.600000000000000000e+01
-1.600000000000000000e+01
-1.600000000000000000e+01
-1.600000000000000000e+01
-1.600000000000000000e+01
-3.600000000000000000e+01
-1.600000000000000000e+01
-1.600000000000000000e+01
-1.064000000000000000e+03
-1.600000000000000000e+01
-1.060000000000000000e+03
-1.600000000000000000e+01
-1.600000000000000000e+01
-1.600000000000000000e+01
-1.600000000000000000e+01
-1.600000000000000000e+01
-1.600000000000000000e+01
-9.990000000000000000e+02
-1.008000000000000000e+03
-3.900000000000000000e+01
-1.008000000000000000e+03
-2.400000000000000000e+01
-1.600000000000000000e+01
-7.400000000000000000e+01
-1.042000000000000000e+03
-1.098000000000000000e+03
-1.600000000000000000e+01
-1.600000000000000000e+01
-1.600000000000000000e+01
-1.600000000000000000e+01
-1.600000000000000000e+01
-1.600000000000000000e+01
-1.041000000000000000e+03
-1.600000000000000000e+01
-1.160000000000000000e+02
-1.600000000000000000e+01
-1.600000000000000000e+01
-1.060000000000000000e+03
-1.600000000000000000e+01
-1.600000000000000000e+01
-1.121000000000000000e+03
-1.021000000000000000e+03
-1.600000000000000000e+01
-1.600000000000000000e+01
-1.600000000000000000e+01
-1.600000000000000000e+01
-1.187000000000000000e+03
-1.600000000000000000e+01
-1.600000000000000000e+01
-1.600000000000000000e+01
-1.600000000000000000e+01
-1.146000000000000000e+03
-1.112000000000000000e+03
-1.008000000000000000e+03
-1.600000000000000000e+01
-1.600000000000000000e+01
-1.900000000000000000e+01
-1.600000000000000000e+01
-1.600000000000000000e+01
-1.600000000000000000e+01
-1.600000000000000000e+01
-2.940000000000000000e+02
-1.600000000000000000e+01
-1.600000000000000000e+01
-1.600000000000000000e+01
-1.077000000000000000e+03
-1.600000000000000000e+01
-1.600000000000000000e+01
-1.600000000000000000e+01
-1.600000000000000000e+01
-1.600000000000000000e+01
-1.600000000000000000e+01
-3.600000000000000000e+01
-1.014000000000000000e+03
-3.700000000000000000e+01
-4.600000000000000000e+01
-1.600000000000000000e+01
-1.600000000000000000e+01
-1.600000000000000000e+01
-1.600000000000000000e+01
-1.600000000000000000e+01
-1.600000000000000000e+01
-1.600000000000000000e+01
-3.700000000000000000e+01
-1.600000000000000000e+01
-1.600000000000000000e+01
-1.600000000000000000e+01
-1.600000000000000000e+01
-1.600000000000000000e+01
-1.600000000000000000e+01
-1.600000000000000000e+01
-1.220000000000000000e+03
-1.008000000000000000e+03
-1.600000000000000000e+01
-1.600000000000000000e+01
-1.204000000000000000e+03
-1.600000000000000000e+01
-1.600000000000000000e+01
-1.600000000000000000e+01
-1.271000000000000000e+03
-1.600000000000000000e+01
-1.600000000000000000e+01
-1.600000000000000000e+01
-1.600000000000000000e+01
-1.600000000000000000e+01
-1.600000000000000000e+01
-1.600000000000000000e+01
-1.600000000000000000e+01
-1.600000000000000000e+01
-1.600000000000000000e+01
-7.900000000000000000e+01
-1.600000000000000000e+01
-1.600000000000000000e+01
-1.600000000000000000e+01
-1.600000000000000000e+01
-1.600000000000000000e+01
-1.600000000000000000e+01
-1.600000000000000000e+01
-1.600000000000000000e+01
-1.025000000000000000e+03
-1.600000000000000000e+01
-1.600000000000000000e+01
-1.600000000000000000e+01
-1.600000000000000000e+01
-1.600000000000000000e+01
-1.600000000000000000e+01
-1.600000000000000000e+01
-1.600000000000000000e+01
-1.600000000000000000e+01
-1.600000000000000000e+01
-1.600000000000000000e+01
-1.600000000000000000e+01
-1.600000000000000000e+01
-9.990000000000000000e+02
-1.600000000000000000e+01
-1.600000000000000000e+01
-2.700000000000000000e+01
-1.600000000000000000e+01
-1.600000000000000000e+01
-1.600000000000000000e+01
-1.600000000000000000e+01
-1.600000000000000000e+01
-1.600000000000000000e+01
-1.600000000000000000e+01
-1.600000000000000000e+01
-1.600000000000000000e+01
-1.600000000000000000e+01
-1.600000000000000000e+01
-1.600000000000000000e+01
-7.800000000000000000e+01
-1.600000000000000000e+01
-1.600000000000000000e+01
-1.600000000000000000e+01
-1.600000000000000000e+01
-1.600000000000000000e+01
-1.600000000000000000e+01
-2.400000000000000000e+01
-1.600000000000000000e+01
-1.600000000000000000e+01
-1.600000000000000000e+01
-1.600000000000000000e+01
-1.600000000000000000e+01
-1.600000000000000000e+01
-1.239000000000000000e+03
-3.900000000000000000e+01
-1.900000000000000000e+01
-6.900000000000000000e+01
-1.077000000000000000e+03
-9.990000000000000000e+02
-1.600000000000000000e+01
-1.600000000000000000e+01
-1.600000000000000000e+01
-1.600000000000000000e+01
-1.600000000000000000e+01
-1.600000000000000000e+01
-2.200000000000000000e+01
-1.600000000000000000e+01
-1.600000000000000000e+01
-1.600000000000000000e+01
-1.600000000000000000e+01
-1.600000000000000000e+01
-1.600000000000000000e+01
-1.600000000000000000e+01
-1.600000000000000000e+01
-1.600000000000000000e+01
-1.600000000000000000e+01
-1.600000000000000000e+01
-1.600000000000000000e+01
-1.600000000000000000e+01
-1.600000000000000000e+01
-1.124000000000000000e+03
-1.600000000000000000e+01
-1.600000000000000000e+01
-1.600000000000000000e+01
-1.600000000000000000e+01
-1.600000000000000000e+01
-1.600000000000000000e+01
-1.039000000000000000e+03
-1.600000000000000000e+01
-1.600000000000000000e+01
-1.600000000000000000e+01
-1.600000000000000000e+01
-1.600000000000000000e+01
-1.600000000000000000e+01
-1.600000000000000000e+01
-1.600000000000000000e+01
-2.150000000000000000e+02
-1.060000000000000000e+03
-1.600000000000000000e+01
-1.600000000000000000e+01
-1.600000000000000000e+01
-1.600000000000000000e+01
-1.600000000000000000e+01
-1.600000000000000000e+01
-1.600000000000000000e+01
-1.600000000000000000e+01
-1.600000000000000000e+01
-1.600000000000000000e+01
-1.600000000000000000e+01
-1.600000000000000000e+01
-1.600000000000000000e+01
-1.600000000000000000e+01
-4.100000000000000000e+01
-1.600000000000000000e+01
-8.400000000000000000e+01
-1.600000000000000000e+01
-1.600000000000000000e+01
-3.700000000000000000e+01
-1.600000000000000000e+01
-1.600000000000000000e+01
-1.600000000000000000e+01
-1.600000000000000000e+01
-1.600000000000000000e+01
-1.600000000000000000e+01
-1.600000000000000000e+01
-1.600000000000000000e+01
-1.600000000000000000e+01
-1.600000000000000000e+01
-1.600000000000000000e+01
-1.600000000000000000e+01
-1.600000000000000000e+01
-1.600000000000000000e+01
-1.600000000000000000e+01
-1.600000000000000000e+01
-1.600000000000000000e+01
-1.600000000000000000e+01
-1.600000000000000000e+01
-1.600000000000000000e+01
-1.600000000000000000e+01
-1.600000000000000000e+01
-1.600000000000000000e+01
-1.600000000000000000e+01
-1.600000000000000000e+01
-1.600000000000000000e+01
-1.600000000000000000e+01
-1.600000000000000000e+01
-1.600000000000000000e+01
-1.600000000000000000e+01
-1.600000000000000000e+01
-1.600000000000000000e+01
-1.600000000000000000e+01
-1.138000000000000000e+03
-1.600000000000000000e+01
-1.600000000000000000e+01
-1.600000000000000000e+01
-1.600000000000000000e+01
-1.600000000000000000e+01
-1.600000000000000000e+01
-7.400000000000000000e+01
-1.600000000000000000e+01
-1.600000000000000000e+01
-1.600000000000000000e+01
-1.600000000000000000e+01
-1.600000000000000000e+01
-1.600000000000000000e+01
-1.600000000000000000e+01
-1.600000000000000000e+01
-9.700000000000000000e+01
-1.600000000000000000e+01
-1.054000000000000000e+03
-1.021000000000000000e+03
-1.600000000000000000e+01
-1.600000000000000000e+01
-1.600000000000000000e+01
-2.400000000000000000e+01
-1.600000000000000000e+01
-1.600000000000000000e+01
-2.600000000000000000e+01
-1.600000000000000000e+01
-1.600000000000000000e+01
-1.600000000000000000e+01
-1.600000000000000000e+01
-1.106000000000000000e+03
-1.600000000000000000e+01
-1.600000000000000000e+01
-1.600000000000000000e+01
-1.600000000000000000e+01
-1.600000000000000000e+01
-1.600000000000000000e+01
-1.051000000000000000e+03
-1.600000000000000000e+01
-1.214000000000000000e+03
-1.600000000000000000e+01
-1.600000000000000000e+01
-1.600000000000000000e+01
-1.600000000000000000e+01
-1.600000000000000000e+01
-1.600000000000000000e+01
-1.600000000000000000e+01
-1.600000000000000000e+01
-1.250000000000000000e+03
-1.600000000000000000e+01
-1.600000000000000000e+01
-1.600000000000000000e+01
-1.600000000000000000e+01
-1.600000000000000000e+01
-1.600000000000000000e+01
-1.600000000000000000e+01
-1.600000000000000000e+01
-1.600000000000000000e+01
-1.600000000000000000e+01
-1.600000000000000000e+01
-3.700000000000000000e+01
-1.600000000000000000e+01
-1.600000000000000000e+01
-1.290000000000000000e+02
-1.600000000000000000e+01
-1.600000000000000000e+01
-1.600000000000000000e+01
-1.600000000000000000e+01
-1.600000000000000000e+01
-1.600000000000000000e+01
-4.200000000000000000e+01
-1.600000000000000000e+01
-1.600000000000000000e+01
-1.098000000000000000e+03
-1.600000000000000000e+01
-1.600000000000000000e+01
-1.600000000000000000e+01
-1.800000000000000000e+01
-1.600000000000000000e+01
-1.600000000000000000e+01
-1.600000000000000000e+01
-1.033000000000000000e+03
-1.600000000000000000e+01
-2.600000000000000000e+01
-1.600000000000000000e+01
-1.025000000000000000e+03
-1.600000000000000000e+01
-1.600000000000000000e+01
-1.600000000000000000e+01
-1.600000000000000000e+01
-1.600000000000000000e+01
-1.600000000000000000e+01
-1.600000000000000000e+01
-1.600000000000000000e+01
-1.600000000000000000e+01
-1.600000000000000000e+01
-1.600000000000000000e+01
-1.600000000000000000e+01
-1.600000000000000000e+01
-1.600000000000000000e+01
-1.600000000000000000e+01
-1.600000000000000000e+01
-1.600000000000000000e+01
-1.600000000000000000e+01
-1.025000000000000000e+03
-1.600000000000000000e+01
-1.600000000000000000e+01
-1.600000000000000000e+01
-1.600000000000000000e+01
-1.600000000000000000e+01
-1.600000000000000000e+01
-1.600000000000000000e+01
-2.100000000000000000e+01
-1.600000000000000000e+01
-1.600000000000000000e+01
-2.300000000000000000e+01
-1.600000000000000000e+01
-1.600000000000000000e+01
-3.400000000000000000e+01
-1.600000000000000000e+01
-1.600000000000000000e+01
-1.108000000000000000e+03
-1.600000000000000000e+01
-1.600000000000000000e+01
-1.600000000000000000e+01
-1.600000000000000000e+01
-1.600000000000000000e+01
-1.600000000000000000e+01
-9.990000000000000000e+02
-1.600000000000000000e+01
-1.600000000000000000e+01
-1.600000000000000000e+01
-1.600000000000000000e+01
-1.600000000000000000e+01
-1.600000000000000000e+01
-1.600000000000000000e+01
-1.600000000000000000e+01
-1.600000000000000000e+01
-1.600000000000000000e+01
-1.600000000000000000e+01
-1.600000000000000000e+01
-1.600000000000000000e+01
-1.600000000000000000e+01
-1.600000000000000000e+01
-1.600000000000000000e+01
-1.600000000000000000e+01
-1.600000000000000000e+01
-1.600000000000000000e+01
-1.600000000000000000e+01
-1.600000000000000000e+01
-1.600000000000000000e+01
-1.600000000000000000e+01
-1.600000000000000000e+01
-1.600000000000000000e+01
-1.600000000000000000e+01
-1.600000000000000000e+01
-1.600000000000000000e+01
-1.600000000000000000e+01
-1.600000000000000000e+01
-1.600000000000000000e+01
-1.600000000000000000e+01
-1.600000000000000000e+01
-1.600000000000000000e+01
-1.600000000000000000e+01
-1.600000000000000000e+01
-2.200000000000000000e+01
-1.077000000000000000e+03
-1.600000000000000000e+01
-1.600000000000000000e+01
-1.600000000000000000e+01
-1.600000000000000000e+01
-1.600000000000000000e+01
-1.237000000000000000e+03
-1.600000000000000000e+01
-1.600000000000000000e+01
-1.600000000000000000e+01
-1.600000000000000000e+01
-1.600000000000000000e+01
-1.600000000000000000e+01
-1.600000000000000000e+01
-1.600000000000000000e+01
-1.600000000000000000e+01
-1.600000000000000000e+01
-1.600000000000000000e+01
-1.600000000000000000e+01
-1.600000000000000000e+01
-1.600000000000000000e+01
-1.600000000000000000e+01
-1.600000000000000000e+01
-1.600000000000000000e+01
-1.600000000000000000e+01
-1.600000000000000000e+01
-1.600000000000000000e+01
-1.051000000000000000e+03
-1.600000000000000000e+01
-3.900000000000000000e+01
-1.600000000000000000e+01
-1.600000000000000000e+01
-1.600000000000000000e+01
-1.600000000000000000e+01
-1.600000000000000000e+01
-1.039000000000000000e+03
-1.600000000000000000e+01
-1.600000000000000000e+01
-1.600000000000000000e+01
-1.600000000000000000e+01
-1.600000000000000000e+01
-1.600000000000000000e+01
-1.600000000000000000e+01
-1.600000000000000000e+01
-1.600000000000000000e+01
-1.600000000000000000e+01
-1.121000000000000000e+03
-2.110000000000000000e+02
-1.600000000000000000e+01
-1.600000000000000000e+01
-1.600000000000000000e+01
-2.400000000000000000e+01
-1.600000000000000000e+01
-1.600000000000000000e+01
-1.600000000000000000e+01
-1.600000000000000000e+01
-1.600000000000000000e+01
-1.600000000000000000e+01
-1.600000000000000000e+01
-1.600000000000000000e+01
-1.600000000000000000e+01
-1.600000000000000000e+01
-1.600000000000000000e+01
-1.600000000000000000e+01
-1.600000000000000000e+01
-1.025000000000000000e+03
-1.600000000000000000e+01
-1.600000000000000000e+01
-1.600000000000000000e+01
-1.600000000000000000e+01
-1.600000000000000000e+01
-1.600000000000000000e+01
-1.600000000000000000e+01
-1.600000000000000000e+01
-1.600000000000000000e+01
-1.600000000000000000e+01
-1.600000000000000000e+01
-1.600000000000000000e+01
-1.600000000000000000e+01
-1.600000000000000000e+01
-1.600000000000000000e+01
-1.600000000000000000e+01
-1.600000000000000000e+01
-1.600000000000000000e+01
-1.600000000000000000e+01
-1.600000000000000000e+01
-1.600000000000000000e+01
-1.600000000000000000e+01
-1.600000000000000000e+01
-1.600000000000000000e+01
-1.600000000000000000e+01
-1.600000000000000000e+01
-1.600000000000000000e+01
-1.600000000000000000e+01
-1.600000000000000000e+01
-1.600000000000000000e+01
-1.600000000000000000e+01
-1.600000000000000000e+01
-1.600000000000000000e+01
-1.600000000000000000e+01
-1.600000000000000000e+01
-1.600000000000000000e+01
-1.600000000000000000e+01
-1.600000000000000000e+01
-1.600000000000000000e+01
-1.600000000000000000e+01
-1.600000000000000000e+01
-1.110000000000000000e+02
-1.600000000000000000e+01
-1.600000000000000000e+01
-1.600000000000000000e+01
-1.600000000000000000e+01
-1.600000000000000000e+01
-1.600000000000000000e+01
-1.600000000000000000e+01
-1.600000000000000000e+01
-1.600000000000000000e+01
-1.600000000000000000e+01
-1.600000000000000000e+01
-1.600000000000000000e+01
-1.600000000000000000e+01
-1.600000000000000000e+01
-1.600000000000000000e+01
-1.600000000000000000e+01
-1.600000000000000000e+01
-1.600000000000000000e+01
-1.600000000000000000e+01
-1.600000000000000000e+01
-1.600000000000000000e+01
-1.600000000000000000e+01
-1.600000000000000000e+01
-1.600000000000000000e+01
-1.600000000000000000e+01
-1.600000000000000000e+01
-1.600000000000000000e+01
-1.600000000000000000e+01
-1.600000000000000000e+01
-1.600000000000000000e+01
-1.600000000000000000e+01
-1.600000000000000000e+01
-1.600000000000000000e+01
-1.600000000000000000e+01
-1.600000000000000000e+01
-1.600000000000000000e+01
-1.600000000000000000e+01
-1.600000000000000000e+01
-1.600000000000000000e+01
-1.600000000000000000e+01
-1.600000000000000000e+01
-1.600000000000000000e+01
-1.600000000000000000e+01
-1.600000000000000000e+01
-1.600000000000000000e+01
-1.600000000000000000e+01
-1.600000000000000000e+01
-1.600000000000000000e+01
-1.600000000000000000e+01
-1.600000000000000000e+01
-1.600000000000000000e+01
-1.600000000000000000e+01
-1.600000000000000000e+01
-1.600000000000000000e+01
-1.600000000000000000e+01
-1.600000000000000000e+01
-1.600000000000000000e+01
-1.600000000000000000e+01
-1.600000000000000000e+01
-1.600000000000000000e+01
-1.600000000000000000e+01
-1.600000000000000000e+01
-1.600000000000000000e+01
-1.600000000000000000e+01
-1.600000000000000000e+01
-1.600000000000000000e+01
-1.600000000000000000e+01
-1.600000000000000000e+01
-1.600000000000000000e+01
-1.600000000000000000e+01
-1.600000000000000000e+01
-1.600000000000000000e+01
-1.600000000000000000e+01
-1.600000000000000000e+01
-1.600000000000000000e+01
-1.600000000000000000e+01
-1.600000000000000000e+01
-1.600000000000000000e+01
-1.600000000000000000e+01
-1.600000000000000000e+01
-1.600000000000000000e+01
-1.600000000000000000e+01
-1.600000000000000000e+01
-1.600000000000000000e+01
-1.600000000000000000e+01
-1.600000000000000000e+01
-1.600000000000000000e+01
-1.600000000000000000e+01
-1.600000000000000000e+01
-1.600000000000000000e+01
-1.600000000000000000e+01
-1.600000000000000000e+01
-1.600000000000000000e+01
-1.600000000000000000e+01
-1.600000000000000000e+01
-1.600000000000000000e+01
-1.600000000000000000e+01
-1.600000000000000000e+01
-1.600000000000000000e+01
-1.600000000000000000e+01
-1.600000000000000000e+01
-1.600000000000000000e+01
-1.600000000000000000e+01
-1.600000000000000000e+01
-1.600000000000000000e+01
-1.600000000000000000e+01
-1.600000000000000000e+01
-1.600000000000000000e+01
-1.600000000000000000e+01
-1.600000000000000000e+01
-1.600000000000000000e+01
-1.600000000000000000e+01
-1.600000000000000000e+01
-1.600000000000000000e+01
-1.600000000000000000e+01
-1.600000000000000000e+01
-1.600000000000000000e+01
-1.600000000000000000e+01
-1.600000000000000000e+01
-1.600000000000000000e+01
-1.600000000000000000e+01
-1.600000000000000000e+01
-1.600000000000000000e+01
-1.600000000000000000e+01
-1.600000000000000000e+01
-1.600000000000000000e+01
-1.600000000000000000e+01
-1.600000000000000000e+01
-1.600000000000000000e+01
-1.600000000000000000e+01
-1.600000000000000000e+01
-1.600000000000000000e+01
-1.600000000000000000e+01
-1.600000000000000000e+01
-1.600000000000000000e+01
-1.600000000000000000e+01
-1.600000000000000000e+01
-1.600000000000000000e+01
-1.600000000000000000e+01
-1.600000000000000000e+01
-1.600000000000000000e+01
-1.600000000000000000e+01
-1.600000000000000000e+01
-1.600000000000000000e+01
-1.600000000000000000e+01
-1.600000000000000000e+01
-1.600000000000000000e+01
-1.600000000000000000e+01
-1.600000000000000000e+01
-1.600000000000000000e+01
-1.600000000000000000e+01
-1.600000000000000000e+01
-1.600000000000000000e+01
-1.600000000000000000e+01
-1.600000000000000000e+01
-1.600000000000000000e+01
-1.600000000000000000e+01
-1.600000000000000000e+01
-1.600000000000000000e+01
-1.600000000000000000e+01
-1.600000000000000000e+01
-1.600000000000000000e+01
-1.600000000000000000e+01
-1.600000000000000000e+01
-1.600000000000000000e+01
-1.600000000000000000e+01
-1.600000000000000000e+01
-1.600000000000000000e+01
-1.600000000000000000e+01
-1.600000000000000000e+01
-1.600000000000000000e+01
-1.600000000000000000e+01
-1.600000000000000000e+01
-1.600000000000000000e+01
-1.600000000000000000e+01
-1.600000000000000000e+01
-1.600000000000000000e+01
-1.600000000000000000e+01
-1.600000000000000000e+01
-1.600000000000000000e+01
-1.600000000000000000e+01
-1.600000000000000000e+01
-1.600000000000000000e+01
-1.600000000000000000e+01
-1.600000000000000000e+01
-1.600000000000000000e+01
-1.600000000000000000e+01
-1.600000000000000000e+01
-1.600000000000000000e+01
-1.600000000000000000e+01
-1.600000000000000000e+01
-1.600000000000000000e+01
-1.600000000000000000e+01
-1.600000000000000000e+01
-1.600000000000000000e+01
-1.600000000000000000e+01
-1.600000000000000000e+01
-1.600000000000000000e+01
-1.600000000000000000e+01
-1.600000000000000000e+01
-1.600000000000000000e+01
-1.600000000000000000e+01
-1.600000000000000000e+01
-1.600000000000000000e+01
-1.600000000000000000e+01
-1.600000000000000000e+01
-1.600000000000000000e+01
-1.600000000000000000e+01
-1.600000000000000000e+01
-1.600000000000000000e+01
-1.600000000000000000e+01
-1.600000000000000000e+01
-1.600000000000000000e+01
-1.600000000000000000e+01
-1.600000000000000000e+01
-1.600000000000000000e+01
-1.600000000000000000e+01
-1.600000000000000000e+01
-1.600000000000000000e+01
-1.600000000000000000e+01
-1.600000000000000000e+01
-1.600000000000000000e+01
-1.600000000000000000e+01
-1.600000000000000000e+01
-1.600000000000000000e+01
-1.600000000000000000e+01
-1.600000000000000000e+01
-1.600000000000000000e+01
-1.600000000000000000e+01
-1.600000000000000000e+01
-1.600000000000000000e+01
-1.600000000000000000e+01
-1.600000000000000000e+01
-1.600000000000000000e+01
-1.600000000000000000e+01
-1.600000000000000000e+01
-1.600000000000000000e+01
-1.600000000000000000e+01
-1.600000000000000000e+01
-1.600000000000000000e+01
-1.600000000000000000e+01
-1.600000000000000000e+01
-1.600000000000000000e+01
-1.600000000000000000e+01
-1.600000000000000000e+01
-1.600000000000000000e+01
-1.600000000000000000e+01
-1.600000000000000000e+01
-1.600000000000000000e+01
-1.600000000000000000e+01
-1.600000000000000000e+01
-1.600000000000000000e+01
-1.600000000000000000e+01
-1.600000000000000000e+01
-1.600000000000000000e+01
-1.600000000000000000e+01
-1.600000000000000000e+01
-1.600000000000000000e+01
-1.600000000000000000e+01
-1.600000000000000000e+01
-1.600000000000000000e+01
-1.600000000000000000e+01
-1.600000000000000000e+01
-1.600000000000000000e+01
-1.600000000000000000e+01
-1.600000000000000000e+01
-1.600000000000000000e+01
-1.600000000000000000e+01
-1.600000000000000000e+01
-1.600000000000000000e+01
-1.600000000000000000e+01
-1.600000000000000000e+01
-1.600000000000000000e+01
-1.600000000000000000e+01
-1.600000000000000000e+01
-1.600000000000000000e+01
-1.600000000000000000e+01
-1.600000000000000000e+01
-1.600000000000000000e+01
-1.600000000000000000e+01
-1.600000000000000000e+01
-1.600000000000000000e+01
-1.600000000000000000e+01
-1.600000000000000000e+01
-1.600000000000000000e+01
-1.600000000000000000e+01
-1.600000000000000000e+01
-1.600000000000000000e+01
-1.600000000000000000e+01
-1.600000000000000000e+01
-1.600000000000000000e+01
-1.600000000000000000e+01
-1.600000000000000000e+01
-1.600000000000000000e+01
-1.600000000000000000e+01
-1.600000000000000000e+01
-1.600000000000000000e+01
-1.600000000000000000e+01
-1.600000000000000000e+01
-1.600000000000000000e+01
-1.600000000000000000e+01
-1.600000000000000000e+01
-1.600000000000000000e+01
-1.600000000000000000e+01
-1.600000000000000000e+01
-1.600000000000000000e+01
-1.600000000000000000e+01
-1.600000000000000000e+01
-1.600000000000000000e+01
-1.600000000000000000e+01
-1.600000000000000000e+01
-1.600000000000000000e+01
-1.600000000000000000e+01
-1.600000000000000000e+01
-1.600000000000000000e+01
-1.600000000000000000e+01
-1.600000000000000000e+01
-1.600000000000000000e+01
-1.600000000000000000e+01
-1.600000000000000000e+01
-1.600000000000000000e+01
-1.600000000000000000e+01
-1.600000000000000000e+01
-1.600000000000000000e+01
-1.600000000000000000e+01
-1.600000000000000000e+01
-1.600000000000000000e+01
-1.600000000000000000e+01
-1.600000000000000000e+01
-1.600000000000000000e+01
-1.600000000000000000e+01
-1.600000000000000000e+01
-1.600000000000000000e+01
-1.600000000000000000e+01
-1.600000000000000000e+01
-1.600000000000000000e+01
-1.600000000000000000e+01
-1.600000000000000000e+01
-1.600000000000000000e+01
-1.600000000000000000e+01
-1.600000000000000000e+01
-1.600000000000000000e+01
-1.600000000000000000e+01
-1.600000000000000000e+01
-1.600000000000000000e+01
-1.600000000000000000e+01
-1.600000000000000000e+01
-1.600000000000000000e+01
-1.600000000000000000e+01
-1.600000000000000000e+01
-1.600000000000000000e+01
-1.600000000000000000e+01
-1.600000000000000000e+01
-1.600000000000000000e+01
-1.600000000000000000e+01
-1.600000000000000000e+01
-1.600000000000000000e+01
-1.600000000000000000e+01
-1.600000000000000000e+01
-1.600000000000000000e+01
-1.600000000000000000e+01
-1.600000000000000000e+01
-1.600000000000000000e+01
-1.600000000000000000e+01
-1.600000000000000000e+01
-1.600000000000000000e+01
-1.600000000000000000e+01
-1.600000000000000000e+01
-1.600000000000000000e+01
-1.600000000000000000e+01
-1.600000000000000000e+01
-1.600000000000000000e+01
-1.600000000000000000e+01
-1.600000000000000000e+01
-1.600000000000000000e+01
-1.600000000000000000e+01
-1.600000000000000000e+01
-1.600000000000000000e+01
-1.600000000000000000e+01
-1.600000000000000000e+01
-1.600000000000000000e+01
-1.600000000000000000e+01
-1.600000000000000000e+01
-1.600000000000000000e+01
-1.600000000000000000e+01
-1.600000000000000000e+01
-1.600000000000000000e+01
-1.600000000000000000e+01
-1.600000000000000000e+01
-1.600000000000000000e+01
-1.600000000000000000e+01
-1.600000000000000000e+01
-1.600000000000000000e+01
-1.600000000000000000e+01
-1.600000000000000000e+01
-1.600000000000000000e+01
-1.600000000000000000e+01
-1.600000000000000000e+01
-1.600000000000000000e+01
-1.600000000000000000e+01
-1.600000000000000000e+01
-1.600000000000000000e+01
-1.600000000000000000e+01
-1.600000000000000000e+01
-1.600000000000000000e+01
-1.600000000000000000e+01
-1.600000000000000000e+01
-1.600000000000000000e+01
-1.600000000000000000e+01
-1.600000000000000000e+01
-1.600000000000000000e+01
-1.600000000000000000e+01
-1.600000000000000000e+01
-1.600000000000000000e+01
-1.600000000000000000e+01
-1.600000000000000000e+01
-1.600000000000000000e+01
-1.600000000000000000e+01
-1.600000000000000000e+01
-1.600000000000000000e+01
-1.600000000000000000e+01
-1.600000000000000000e+01
-1.600000000000000000e+01
-1.600000000000000000e+01
-1.600000000000000000e+01
-1.600000000000000000e+01
-1.600000000000000000e+01
-1.600000000000000000e+01
-1.600000000000000000e+01
-1.600000000000000000e+01
-1.600000000000000000e+01
-1.600000000000000000e+01
-1.600000000000000000e+01
-1.600000000000000000e+01
-1.600000000000000000e+01
-1.600000000000000000e+01
-1.600000000000000000e+01
-1.600000000000000000e+01
-1.600000000000000000e+01
-1.600000000000000000e+01
-1.600000000000000000e+01
-1.600000000000000000e+01
-1.600000000000000000e+01
-1.600000000000000000e+01
-1.600000000000000000e+01
-1.600000000000000000e+01
-1.600000000000000000e+01
-1.600000000000000000e+01
-1.600000000000000000e+01
-1.600000000000000000e+01
-1.600000000000000000e+01
-1.600000000000000000e+01
-1.600000000000000000e+01
-1.600000000000000000e+01
-1.600000000000000000e+01
-1.600000000000000000e+01
-1.600000000000000000e+01
-1.600000000000000000e+01
-1.600000000000000000e+01
-1.600000000000000000e+01
-1.600000000000000000e+01
-1.600000000000000000e+01
-1.600000000000000000e+01
-1.600000000000000000e+01
-1.600000000000000000e+01
-1.600000000000000000e+01
-1.600000000000000000e+01
-1.600000000000000000e+01
-1.600000000000000000e+01
-1.600000000000000000e+01
-1.600000000000000000e+01
-1.600000000000000000e+01
-1.600000000000000000e+01
-1.600000000000000000e+01
-1.600000000000000000e+01
-1.600000000000000000e+01
-1.600000000000000000e+01
-1.600000000000000000e+01
-1.600000000000000000e+01
-1.600000000000000000e+01
-1.600000000000000000e+01
-1.600000000000000000e+01
-1.600000000000000000e+01
-1.600000000000000000e+01
-1.600000000000000000e+01
-1.600000000000000000e+01
-1.600000000000000000e+01
-1.600000000000000000e+01
-1.600000000000000000e+01
-1.600000000000000000e+01
-1.600000000000000000e+01
-1.600000000000000000e+01
-1.600000000000000000e+01
-1.600000000000000000e+01
-1.600000000000000000e+01
-1.600000000000000000e+01
-1.600000000000000000e+01
-1.600000000000000000e+01
-1.600000000000000000e+01
-1.600000000000000000e+01
-1.600000000000000000e+01
-1.600000000000000000e+01
-1.600000000000000000e+01
-1.600000000000000000e+01
-1.600000000000000000e+01
-1.600000000000000000e+01
-1.600000000000000000e+01
-1.600000000000000000e+01
-1.600000000000000000e+01
-1.600000000000000000e+01
-1.600000000000000000e+01
-1.600000000000000000e+01
-1.600000000000000000e+01
-1.600000000000000000e+01
-1.600000000000000000e+01
-1.600000000000000000e+01
-1.600000000000000000e+01
-1.600000000000000000e+01
-1.600000000000000000e+01
-1.600000000000000000e+01
-1.600000000000000000e+01
-1.600000000000000000e+01
-1.600000000000000000e+01
-1.600000000000000000e+01
-1.600000000000000000e+01
-1.600000000000000000e+01
-1.600000000000000000e+01
-1.600000000000000000e+01
-1.600000000000000000e+01
-1.600000000000000000e+01
-1.600000000000000000e+01
-1.600000000000000000e+01
-1.600000000000000000e+01
-1.600000000000000000e+01
-1.600000000000000000e+01
-1.600000000000000000e+01
-1.600000000000000000e+01
-1.600000000000000000e+01
-1.600000000000000000e+01
-1.600000000000000000e+01
-1.600000000000000000e+01
-1.600000000000000000e+01
-1.600000000000000000e+01
-1.600000000000000000e+01
-1.600000000000000000e+01
-1.600000000000000000e+01
-1.600000000000000000e+01
-1.600000000000000000e+01
-1.600000000000000000e+01
-1.600000000000000000e+01
-1.600000000000000000e+01
-1.600000000000000000e+01
-1.600000000000000000e+01
-1.600000000000000000e+01
-1.600000000000000000e+01
-1.600000000000000000e+01
-1.600000000000000000e+01
