-1.014000000000000000e+03
-9.990000000000000000e+02
-1.018500000000000000e+03
-1.017000000000000000e+03
-1.008500000000000000e+03
-1.006000000000000000e+03
-1.019500000000000000e+03
-1.051500000000000000e+03
-1.034500000000000000e+03
-1.025500000000000000e+03
-1.057500000000000000e+03
-1.014500000000000000e+03
-1.029500000000000000e+03
-1.018500000000000000e+03
-1.058500000000000000e+03
-1.006000000000000000e+03
-1.030500000000000000e+03
-1.028500000000000000e+03
-9.990000000000000000e+02
-1.016500000000000000e+03
-1.036500000000000000e+03
-1.041500000000000000e+03
-1.051500000000000000e+03
-1.053500000000000000e+03
-1.023500000000000000e+03
-1.061500000000000000e+03
-1.034500000000000000e+03
-1.046500000000000000e+03
-1.047500000000000000e+03
-1.038500000000000000e+03
-1.049500000000000000e+03
-1.027500000000000000e+03
-1.023500000000000000e+03
-1.048500000000000000e+03
-1.006000000000000000e+03
-9.990000000000000000e+02
-1.033500000000000000e+03
-1.021000000000000000e+03
-1.006000000000000000e+03
-1.065500000000000000e+03
-1.054500000000000000e+03
-1.032500000000000000e+03
-1.079500000000000000e+03
-1.048500000000000000e+03
-1.035500000000000000e+03
-1.055500000000000000e+03
-1.085500000000000000e+03
-1.006000000000000000e+03
-1.071500000000000000e+03
-1.040500000000000000e+03
-1.026500000000000000e+03
-1.084500000000000000e+03
-1.140500000000000000e+03
-1.016500000000000000e+03
-1.025500000000000000e+03
-1.126500000000000000e+03
-1.006000000000000000e+03
-1.092500000000000000e+03
-1.029500000000000000e+03
-2.925000000000000000e+02
-1.169500000000000000e+03
-1.073500000000000000e+03
-4.350000000000000000e+01
-9.990000000000000000e+02
-4.750000000000000000e+01
-1.024000000000000000e+03
-1.035500000000000000e+03
-2.550000000000000000e+01
-1.025500000000000000e+03
-1.016500000000000000e+03
-9.550000000000000000e+01
-1.205000000000000000e+02
-7.850000000000000000e+01
-1.070500000000000000e+03
-1.008500000000000000e+03
-1.565000000000000000e+02
-6.650000000000000000e+01
-1.057500000000000000e+03
-9.990000000000000000e+02
-1.048500000000000000e+03
-6.650000000000000000e+01
-3.450000000000000000e+01
-7.050000000000000000e+01
-1.087500000000000000e+03
-5.050000000000000000e+01
-1.059500000000000000e+03
-1.033500000000000000e+03
-1.021000000000000000e+03
-1.109500000000000000e+03
-1.049500000000000000e+03
-1.028500000000000000e+03
-1.090500000000000000e+03
-5.550000000000000000e+01
-1.040500000000000000e+03
-1.565000000000000000e+02
-1.079500000000000000e+03
-4.350000000000000000e+01
-1.042500000000000000e+03
-1.045500000000000000e+03
-7.450000000000000000e+01
-7.050000000000000000e+01
-9.990000000000000000e+02
-6.950000000000000000e+01
-1.041500000000000000e+03
-5.650000000000000000e+01
-1.255000000000000000e+02
-4.950000000000000000e+01
-7.450000000000000000e+01
-9.990000000000000000e+02
-8.250000000000000000e+01
-1.041500000000000000e+03
-3.950000000000000000e+01
-8.550000000000000000e+01
-5.750000000000000000e+01
-4.350000000000000000e+01
-1.054500000000000000e+03
-2.850000000000000000e+01
-4.550000000000000000e+01
-5.750000000000000000e+01
-1.115000000000000000e+02
-3.650000000000000000e+01
-1.105000000000000000e+02
-1.077500000000000000e+03
-3.650000000000000000e+01
-1.014500000000000000e+03
-9.990000000000000000e+02
-5.750000000000000000e+01
-1.048500000000000000e+03
-2.950000000000000000e+01
-1.045500000000000000e+03
-4.850000000000000000e+01
-3.650000000000000000e+01
-6.350000000000000000e+01
-1.425000000000000000e+02
-1.018500000000000000e+03
-1.026500000000000000e+03
-3.850000000000000000e+01
-9.550000000000000000e+01
-5.950000000000000000e+01
-1.048000000000000000e+03
-1.165000000000000000e+02
-7.250000000000000000e+01
-1.038500000000000000e+03
-6.250000000000000000e+01
-2.950000000000000000e+01
-4.350000000000000000e+01
-9.990000000000000000e+02
-5.150000000000000000e+01
-2.950000000000000000e+01
-5.450000000000000000e+01
-2.950000000000000000e+01
-4.350000000000000000e+01
-1.059500000000000000e+03
-9.990000000000000000e+02
-2.950000000000000000e+01
-3.450000000000000000e+01
-2.550000000000000000e+01
-5.250000000000000000e+01
-5.250000000000000000e+01
-3.850000000000000000e+01
-2.550000000000000000e+01
-2.950000000000000000e+01
-5.750000000000000000e+01
-6.950000000000000000e+01
-4.050000000000000000e+01
-1.044000000000000000e+03
-3.850000000000000000e+01
-9.990000000000000000e+02
-1.041500000000000000e+03
-2.950000000000000000e+01
-8.650000000000000000e+01
-4.950000000000000000e+01
-2.550000000000000000e+01
-9.990000000000000000e+02
-1.048500000000000000e+03
-3.850000000000000000e+01
-3.850000000000000000e+01
-7.450000000000000000e+01
-3.650000000000000000e+01
-9.990000000000000000e+02
-4.750000000000000000e+01
-2.550000000000000000e+01
-9.990000000000000000e+02
-2.550000000000000000e+01
-6.750000000000000000e+01
-1.071500000000000000e+03
-6.350000000000000000e+01
-1.033500000000000000e+03
-6.250000000000000000e+01
-9.990000000000000000e+02
-3.650000000000000000e+01
-4.550000000000000000e+01
-2.950000000000000000e+01
-2.550000000000000000e+01
-2.950000000000000000e+01
-2.950000000000000000e+01
-1.040500000000000000e+03
-4.550000000000000000e+01
-3.650000000000000000e+01
-2.550000000000000000e+01
-9.990000000000000000e+02
-2.550000000000000000e+01
-4.050000000000000000e+01
-2.950000000000000000e+01
-4.050000000000000000e+01
-3.650000000000000000e+01
-1.082500000000000000e+03
-2.550000000000000000e+01
-1.045500000000000000e+03
-2.550000000000000000e+01
-2.950000000000000000e+01
-2.550000000000000000e+01
-2.950000000000000000e+01
-1.042500000000000000e+03
-2.550000000000000000e+01
-4.650000000000000000e+01
-2.550000000000000000e+01
-2.550000000000000000e+01
-2.550000000000000000e+01
-2.850000000000000000e+01
-1.029500000000000000e+03
-2.550000000000000000e+01
-9.990000000000000000e+02
-1.038500000000000000e+03
-2.550000000000000000e+01
-2.550000000000000000e+01
-2.550000000000000000e+01
-2.550000000000000000e+01
-4.050000000000000000e+01
-2.550000000000000000e+01
-1.023500000000000000e+03
-2.550000000000000000e+01
-2.550000000000000000e+01
-2.550000000000000000e+01
-2.550000000000000000e+01
-1.028500000000000000e+03
-4.050000000000000000e+01
-2.550000000000000000e+01
-2.550000000000000000e+01
-1.028500000000000000e+03
-2.550000000000000000e+01
-2.550000000000000000e+01
-1.028500000000000000e+03
-2.550000000000000000e+01
-2.550000000000000000e+01
-3.450000000000000000e+01
-2.550000000000000000e+01
-4.250000000000000000e+01
-2.550000000000000000e+01
-2.550000000000000000e+01
-1.014500000000000000e+03
-9.990000000000000000e+02
-2.550000000000000000e+01
-2.550000000000000000e+01
-3.450000000000000000e+01
-2.550000000000000000e+01
-9.990000000000000000e+02
-2.550000000000000000e+01
-4.050000000000000000e+01
-3.750000000000000000e+01
-2.550000000000000000e+01
-1.029500000000000000e+03
-1.019500000000000000e+03
-1.031500000000000000e+03
-4.050000000000000000e+01
-3.250000000000000000e+01
-9.990000000000000000e+02
-1.029500000000000000e+03
-2.550000000000000000e+01
-3.050000000000000000e+01
-2.550000000000000000e+01
-9.990000000000000000e+02
-9.990000000000000000e+02
-2.550000000000000000e+01
-9.990000000000000000e+02
-2.550000000000000000e+01
-1.019500000000000000e+03
-2.550000000000000000e+01
-2.550000000000000000e+01
-2.550000000000000000e+01
-1.029500000000000000e+03
-1.014500000000000000e+03
-1.014500000000000000e+03
-2.550000000000000000e+01
-1.028500000000000000e+03
-2.550000000000000000e+01
-3.050000000000000000e+01
-2.550000000000000000e+01
-2.550000000000000000e+01
-1.042500000000000000e+03
-2.550000000000000000e+01
-2.550000000000000000e+01
-2.550000000000000000e+01
-1.019500000000000000e+03
-2.550000000000000000e+01
-2.550000000000000000e+01
-2.550000000000000000e+01
-2.550000000000000000e+01
-2.550000000000000000e+01
-2.550000000000000000e+01
-2.550000000000000000e+01
-2.550000000000000000e+01
-4.050000000000000000e+01
-1.026500000000000000e+03
-2.550000000000000000e+01
-9.990000000000000000e+02
-7.050000000000000000e+01
-2.550000000000000000e+01
-4.050000000000000000e+01
-2.550000000000000000e+01
-1.028500000000000000e+03
-2.550000000000000000e+01
-1.028500000000000000e+03
-1.028500000000000000e+03
-4.250000000000000000e+01
-2.550000000000000000e+01
-3.250000000000000000e+01
-2.850000000000000000e+01
-2.550000000000000000e+01
-2.550000000000000000e+01
-2.550000000000000000e+01
-4.750000000000000000e+01
-2.550000000000000000e+01
-2.550000000000000000e+01
-2.550000000000000000e+01
-2.550000000000000000e+01
-1.006000000000000000e+03
-2.550000000000000000e+01
-2.550000000000000000e+01
-1.006000000000000000e+03
-4.950000000000000000e+01
-2.550000000000000000e+01
-1.019500000000000000e+03
-1.006000000000000000e+03
-1.006000000000000000e+03
-1.006000000000000000e+03
-4.050000000000000000e+01
-1.029500000000000000e+03
-2.550000000000000000e+01
-2.550000000000000000e+01
-2.550000000000000000e+01
-2.550000000000000000e+01
-2.550000000000000000e+01
-3.050000000000000000e+01
-3.250000000000000000e+01
-2.550000000000000000e+01
-1.026500000000000000e+03
-2.550000000000000000e+01
-2.550000000000000000e+01
-2.550000000000000000e+01
-2.550000000000000000e+01
-2.550000000000000000e+01
-2.550000000000000000e+01
-2.550000000000000000e+01
-2.550000000000000000e+01
-1.028500000000000000e+03
-2.550000000000000000e+01
-2.550000000000000000e+01
-2.550000000000000000e+01
-2.550000000000000000e+01
-1.006000000000000000e+03
-2.550000000000000000e+01
-2.550000000000000000e+01
-2.550000000000000000e+01
-3.250000000000000000e+01
-1.014500000000000000e+03
-2.550000000000000000e+01
-1.050500000000000000e+03
-2.550000000000000000e+01
-1.029500000000000000e+03
-2.550000000000000000e+01
-9.990000000000000000e+02
-2.550000000000000000e+01
-2.550000000000000000e+01
-2.550000000000000000e+01
-9.990000000000000000e+02
-1.019500000000000000e+03
-9.990000000000000000e+02
-2.550000000000000000e+01
-9.990000000000000000e+02
-2.550000000000000000e+01
-2.550000000000000000e+01
-2.550000000000000000e+01
-2.550000000000000000e+01
-2.550000000000000000e+01
-1.006000000000000000e+03
-2.550000000000000000e+01
-2.550000000000000000e+01
-1.028500000000000000e+03
-2.550000000000000000e+01
-1.019500000000000000e+03
-2.550000000000000000e+01
-2.550000000000000000e+01
-2.550000000000000000e+01
-2.550000000000000000e+01
-1.006000000000000000e+03
-1.029500000000000000e+03
-2.550000000000000000e+01
-2.550000000000000000e+01
-3.450000000000000000e+01
-2.550000000000000000e+01
-2.550000000000000000e+01
-2.550000000000000000e+01
-2.550000000000000000e+01
-2.550000000000000000e+01
-1.029500000000000000e+03
-2.850000000000000000e+01
-2.550000000000000000e+01
-1.014500000000000000e+03
-1.019500000000000000e+03
-2.550000000000000000e+01
-2.550000000000000000e+01
-2.550000000000000000e+01
-1.028500000000000000e+03
-2.550000000000000000e+01
-2.550000000000000000e+01
-2.550000000000000000e+01
-2.550000000000000000e+01
-2.550000000000000000e+01
-1.034500000000000000e+03
-2.550000000000000000e+01
-1.026500000000000000e+03
-2.550000000000000000e+01
-2.550000000000000000e+01
-1.038500000000000000e+03
-2.550000000000000000e+01
-2.550000000000000000e+01
-1.028500000000000000e+03
-2.550000000000000000e+01
-2.550000000000000000e+01
-2.550000000000000000e+01
-2.550000000000000000e+01
-4.050000000000000000e+01
-3.450000000000000000e+01
-2.550000000000000000e+01
-2.550000000000000000e+01
-2.550000000000000000e+01
-2.550000000000000000e+01
-3.250000000000000000e+01
-2.550000000000000000e+01
-2.550000000000000000e+01
-9.990000000000000000e+02
-2.550000000000000000e+01
-2.550000000000000000e+01
-2.550000000000000000e+01
-2.550000000000000000e+01
-4.050000000000000000e+01
-2.550000000000000000e+01
-1.006000000000000000e+03
-1.028500000000000000e+03
-2.550000000000000000e+01
-1.026500000000000000e+03
-2.550000000000000000e+01
-4.250000000000000000e+01
-1.014500000000000000e+03
-2.550000000000000000e+01
-2.550000000000000000e+01
-2.550000000000000000e+01
-2.550000000000000000e+01
-2.550000000000000000e+01
-2.550000000000000000e+01
-2.550000000000000000e+01
-1.023500000000000000e+03
-2.550000000000000000e+01
-3.750000000000000000e+01
-2.550000000000000000e+01
-1.047500000000000000e+03
-2.550000000000000000e+01
-9.990000000000000000e+02
-1.014500000000000000e+03
-4.050000000000000000e+01
-2.550000000000000000e+01
-2.550000000000000000e+01
-2.550000000000000000e+01
-2.550000000000000000e+01
-2.550000000000000000e+01
-9.990000000000000000e+02
-2.550000000000000000e+01
-2.550000000000000000e+01
-2.550000000000000000e+01
-1.006000000000000000e+03
-1.029500000000000000e+03
-2.550000000000000000e+01
-2.550000000000000000e+01
-4.050000000000000000e+01
-2.550000000000000000e+01
-1.029500000000000000e+03
-2.550000000000000000e+01
-1.014500000000000000e+03
-2.550000000000000000e+01
-2.550000000000000000e+01
-2.550000000000000000e+01
-2.550000000000000000e+01
-2.550000000000000000e+01
-2.850000000000000000e+01
-2.550000000000000000e+01
-2.550000000000000000e+01
-1.042500000000000000e+03
-2.550000000000000000e+01
-2.550000000000000000e+01
-2.550000000000000000e+01
-2.550000000000000000e+01
-1.026500000000000000e+03
-3.950000000000000000e+01
-2.550000000000000000e+01
-9.990000000000000000e+02
-2.550000000000000000e+01
-1.049500000000000000e+03
-4.250000000000000000e+01
-2.550000000000000000e+01
-7.150000000000000000e+01
-2.550000000000000000e+01
-1.023500000000000000e+03
-1.019500000000000000e+03
-2.550000000000000000e+01
-9.990000000000000000e+02
-2.550000000000000000e+01
-1.023500000000000000e+03
-2.550000000000000000e+01
-2.550000000000000000e+01
-9.990000000000000000e+02
-2.850000000000000000e+01
-3.450000000000000000e+01
-9.990000000000000000e+02
-2.550000000000000000e+01
-3.950000000000000000e+01
-4.950000000000000000e+01
-9.990000000000000000e+02
-2.550000000000000000e+01
-9.990000000000000000e+02
-3.250000000000000000e+01
-2.550000000000000000e+01
-3.250000000000000000e+01
-2.550000000000000000e+01
-1.019500000000000000e+03
-2.550000000000000000e+01
-2.550000000000000000e+01
-2.550000000000000000e+01
-2.550000000000000000e+01
-4.050000000000000000e+01
-2.550000000000000000e+01
-4.250000000000000000e+01
-1.028500000000000000e+03
-2.550000000000000000e+01
-2.550000000000000000e+01
-2.550000000000000000e+01
-2.550000000000000000e+01
-2.550000000000000000e+01
-2.550000000000000000e+01
-2.550000000000000000e+01
-4.050000000000000000e+01
-2.550000000000000000e+01
-2.550000000000000000e+01
-2.550000000000000000e+01
-1.026500000000000000e+03
-2.550000000000000000e+01
-2.550000000000000000e+01
-3.450000000000000000e+01
-2.550000000000000000e+01
-2.550000000000000000e+01
-2.850000000000000000e+01
-2.550000000000000000e+01
-1.023500000000000000e+03
-4.050000000000000000e+01
-2.550000000000000000e+01
-4.050000000000000000e+01
-9.990000000000000000e+02
-2.550000000000000000e+01
-2.850000000000000000e+01
-3.250000000000000000e+01
-2.550000000000000000e+01
-2.550000000000000000e+01
-9.990000000000000000e+02
-2.550000000000000000e+01
-2.550000000000000000e+01
-1.028500000000000000e+03
-4.250000000000000000e+01
-2.550000000000000000e+01
-2.550000000000000000e+01
-2.550000000000000000e+01
-3.450000000000000000e+01
-1.023500000000000000e+03
-2.550000000000000000e+01
-2.550000000000000000e+01
-2.550000000000000000e+01
-1.006000000000000000e+03
-2.550000000000000000e+01
-2.550000000000000000e+01
-3.050000000000000000e+01
-1.014500000000000000e+03
-2.550000000000000000e+01
-2.550000000000000000e+01
-2.550000000000000000e+01
-1.014500000000000000e+03
-2.550000000000000000e+01
-2.550000000000000000e+01
-2.550000000000000000e+01
-1.006000000000000000e+03
-9.990000000000000000e+02
-5.250000000000000000e+01
-1.006000000000000000e+03
-2.550000000000000000e+01
-2.550000000000000000e+01
-2.550000000000000000e+01
-2.550000000000000000e+01
-3.250000000000000000e+01
-4.250000000000000000e+01
-4.050000000000000000e+01
-3.250000000000000000e+01
-2.550000000000000000e+01
-3.050000000000000000e+01
-2.550000000000000000e+01
-1.014500000000000000e+03
-2.550000000000000000e+01
-2.550000000000000000e+01
-1.014500000000000000e+03
-1.014500000000000000e+03
-2.550000000000000000e+01
-1.028500000000000000e+03
-1.006000000000000000e+03
-3.450000000000000000e+01
-1.026500000000000000e+03
-2.550000000000000000e+01
-1.029500000000000000e+03
-1.006000000000000000e+03
-3.250000000000000000e+01
-2.550000000000000000e+01
-2.550000000000000000e+01
-2.550000000000000000e+01
-1.019500000000000000e+03
-3.050000000000000000e+01
-2.550000000000000000e+01
-3.450000000000000000e+01
-2.550000000000000000e+01
-2.550000000000000000e+01
-2.550000000000000000e+01
-2.550000000000000000e+01
-1.043500000000000000e+03
-2.550000000000000000e+01
-2.550000000000000000e+01
-3.750000000000000000e+01
-2.550000000000000000e+01
-2.550000000000000000e+01
-2.550000000000000000e+01
-2.550000000000000000e+01
-2.550000000000000000e+01
-2.550000000000000000e+01
-2.550000000000000000e+01
-2.550000000000000000e+01
-2.550000000000000000e+01
-2.850000000000000000e+01
-4.050000000000000000e+01
-3.250000000000000000e+01
-2.550000000000000000e+01
-2.850000000000000000e+01
-2.550000000000000000e+01
-2.550000000000000000e+01
-1.023500000000000000e+03
-2.550000000000000000e+01
-4.750000000000000000e+01
-3.050000000000000000e+01
-2.550000000000000000e+01
-2.550000000000000000e+01
-2.550000000000000000e+01
-2.550000000000000000e+01
-2.550000000000000000e+01
-1.029500000000000000e+03
-1.014500000000000000e+03
-2.550000000000000000e+01
-2.550000000000000000e+01
-1.041500000000000000e+03
-9.990000000000000000e+02
-1.026500000000000000e+03
-2.550000000000000000e+01
-2.550000000000000000e+01
-3.250000000000000000e+01
-9.990000000000000000e+02
-2.550000000000000000e+01
-1.045500000000000000e+03
-3.450000000000000000e+01
-2.550000000000000000e+01
-2.550000000000000000e+01
-2.550000000000000000e+01
-2.550000000000000000e+01
-2.550000000000000000e+01
-2.550000000000000000e+01
-2.550000000000000000e+01
-1.028500000000000000e+03
-2.550000000000000000e+01
-1.014500000000000000e+03
-1.023500000000000000e+03
-2.550000000000000000e+01
-1.019500000000000000e+03
-2.550000000000000000e+01
-2.550000000000000000e+01
-1.028500000000000000e+03
-2.550000000000000000e+01
-2.550000000000000000e+01
-2.550000000000000000e+01
-1.028500000000000000e+03
-2.550000000000000000e+01
-2.550000000000000000e+01
-3.250000000000000000e+01
-2.550000000000000000e+01
-2.550000000000000000e+01
-2.550000000000000000e+01
-3.450000000000000000e+01
-2.550000000000000000e+01
-9.990000000000000000e+02
-2.550000000000000000e+01
-2.550000000000000000e+01
-2.550000000000000000e+01
-2.550000000000000000e+01
-1.023500000000000000e+03
-1.006000000000000000e+03
-3.250000000000000000e+01
-2.550000000000000000e+01
-2.550000000000000000e+01
-1.014500000000000000e+03
-2.550000000000000000e+01
-2.550000000000000000e+01
-2.550000000000000000e+01
-2.550000000000000000e+01
-2.550000000000000000e+01
-2.550000000000000000e+01
-1.028500000000000000e+03
-2.550000000000000000e+01
-2.550000000000000000e+01
-2.550000000000000000e+01
-2.550000000000000000e+01
-1.006000000000000000e+03
-1.023500000000000000e+03
-1.028500000000000000e+03
-3.050000000000000000e+01
-3.050000000000000000e+01
-2.550000000000000000e+01
-2.550000000000000000e+01
-1.028500000000000000e+03
-3.450000000000000000e+01
-2.550000000000000000e+01
-1.028500000000000000e+03
-2.550000000000000000e+01
-2.550000000000000000e+01
-2.550000000000000000e+01
-2.550000000000000000e+01
-2.550000000000000000e+01
-1.019500000000000000e+03
-1.019500000000000000e+03
-2.550000000000000000e+01
-2.550000000000000000e+01
-2.550000000000000000e+01
-2.550000000000000000e+01
-2.550000000000000000e+01
-1.026500000000000000e+03
-2.550000000000000000e+01
-2.550000000000000000e+01
-2.550000000000000000e+01
-2.550000000000000000e+01
-2.550000000000000000e+01
-2.550000000000000000e+01
-2.550000000000000000e+01
-1.026500000000000000e+03
-9.990000000000000000e+02
-3.450000000000000000e+01
-1.028500000000000000e+03
-2.550000000000000000e+01
-2.850000000000000000e+01
-2.550000000000000000e+01
-2.550000000000000000e+01
-2.550000000000000000e+01
-2.550000000000000000e+01
-2.550000000000000000e+01
-2.550000000000000000e+01
-1.028500000000000000e+03
-2.550000000000000000e+01
-2.550000000000000000e+01
-2.550000000000000000e+01
-2.550000000000000000e+01
-2.550000000000000000e+01
-1.014500000000000000e+03
-2.550000000000000000e+01
-2.550000000000000000e+01
-2.550000000000000000e+01
-2.550000000000000000e+01
-1.006000000000000000e+03
-2.550000000000000000e+01
-3.050000000000000000e+01
-3.450000000000000000e+01
-2.550000000000000000e+01
-2.550000000000000000e+01
-1.019500000000000000e+03
-2.550000000000000000e+01
-2.550000000000000000e+01
-2.550000000000000000e+01
-1.028500000000000000e+03
-2.550000000000000000e+01
-2.550000000000000000e+01
-2.550000000000000000e+01
-4.050000000000000000e+01
-1.019500000000000000e+03
-2.550000000000000000e+01
-2.550000000000000000e+01
-1.014500000000000000e+03
-1.021500000000000000e+03
-2.550000000000000000e+01
-9.990000000000000000e+02
-2.550000000000000000e+01
-1.038500000000000000e+03
-2.550000000000000000e+01
-2.550000000000000000e+01
-9.990000000000000000e+02
-2.550000000000000000e+01
-1.019500000000000000e+03
-3.150000000000000000e+01
-1.006000000000000000e+03
-1.028500000000000000e+03
-2.550000000000000000e+01
-2.550000000000000000e+01
-2.550000000000000000e+01
-2.850000000000000000e+01
-2.850000000000000000e+01
-1.023500000000000000e+03
-2.550000000000000000e+01
-2.550000000000000000e+01
-4.050000000000000000e+01
-1.014500000000000000e+03
-2.550000000000000000e+01
-2.550000000000000000e+01
-2.550000000000000000e+01
-2.850000000000000000e+01
-2.550000000000000000e+01
-2.550000000000000000e+01
-2.550000000000000000e+01
-2.550000000000000000e+01
-2.550000000000000000e+01
-2.550000000000000000e+01
-2.550000000000000000e+01
-2.550000000000000000e+01
-2.550000000000000000e+01
-2.550000000000000000e+01
-2.550000000000000000e+01
-2.550000000000000000e+01
-2.550000000000000000e+01
-2.550000000000000000e+01
-2.550000000000000000e+01
-2.550000000000000000e+01
-2.550000000000000000e+01
-2.550000000000000000e+01
-2.550000000000000000e+01
-2.550000000000000000e+01
-4.050000000000000000e+01
-2.550000000000000000e+01
-2.550000000000000000e+01
-2.550000000000000000e+01
-2.550000000000000000e+01
-2.550000000000000000e+01
-2.550000000000000000e+01
-2.550000000000000000e+01
-2.550000000000000000e+01
-2.550000000000000000e+01
-2.550000000000000000e+01
-1.014500000000000000e+03
-2.550000000000000000e+01
-3.250000000000000000e+01
-2.550000000000000000e+01
-2.550000000000000000e+01
-2.550000000000000000e+01
-2.550000000000000000e+01
-2.550000000000000000e+01
-2.550000000000000000e+01
-2.550000000000000000e+01
-2.550000000000000000e+01
-4.250000000000000000e+01
-2.550000000000000000e+01
-2.550000000000000000e+01
-9.990000000000000000e+02
-2.550000000000000000e+01
-2.550000000000000000e+01
-1.028500000000000000e+03
-2.850000000000000000e+01
-2.550000000000000000e+01
-2.550000000000000000e+01
-2.550000000000000000e+01
-2.550000000000000000e+01
-2.550000000000000000e+01
-2.550000000000000000e+01
-2.550000000000000000e+01
-2.550000000000000000e+01
-2.550000000000000000e+01
-1.040500000000000000e+03
-2.550000000000000000e+01
-2.550000000000000000e+01
-2.550000000000000000e+01
-2.850000000000000000e+01
-1.014500000000000000e+03
-2.550000000000000000e+01
-2.550000000000000000e+01
-2.550000000000000000e+01
-2.550000000000000000e+01
-2.550000000000000000e+01
-2.550000000000000000e+01
-2.550000000000000000e+01
-2.550000000000000000e+01
-2.550000000000000000e+01
-2.550000000000000000e+01
-2.550000000000000000e+01
-2.550000000000000000e+01
-2.550000000000000000e+01
-1.029500000000000000e+03
-2.550000000000000000e+01
-2.550000000000000000e+01
-2.550000000000000000e+01
-2.550000000000000000e+01
-2.550000000000000000e+01
-2.550000000000000000e+01
-2.550000000000000000e+01
-2.550000000000000000e+01
-4.050000000000000000e+01
-2.550000000000000000e+01
-2.550000000000000000e+01
-2.550000000000000000e+01
-2.550000000000000000e+01
-1.006000000000000000e+03
-2.550000000000000000e+01
-2.550000000000000000e+01
-1.034500000000000000e+03
-1.023500000000000000e+03
-2.550000000000000000e+01
-2.550000000000000000e+01
-1.019500000000000000e+03
-3.050000000000000000e+01
-2.550000000000000000e+01
-2.550000000000000000e+01
-1.026500000000000000e+03
-2.550000000000000000e+01
-2.550000000000000000e+01
-2.550000000000000000e+01
-2.550000000000000000e+01
-2.550000000000000000e+01
-1.019500000000000000e+03
-4.250000000000000000e+01
-2.550000000000000000e+01
-9.990000000000000000e+02
-1.006000000000000000e+03
-2.550000000000000000e+01
-3.450000000000000000e+01
-2.550000000000000000e+01
-2.550000000000000000e+01
-2.550000000000000000e+01
-1.006000000000000000e+03
-2.550000000000000000e+01
-2.550000000000000000e+01
-9.990000000000000000e+02
-2.550000000000000000e+01
-2.550000000000000000e+01
-2.550000000000000000e+01
-2.550000000000000000e+01
-2.550000000000000000e+01
-2.550000000000000000e+01
-2.550000000000000000e+01
-2.850000000000000000e+01
-2.550000000000000000e+01
-2.550000000000000000e+01
-2.550000000000000000e+01
-2.550000000000000000e+01
-4.050000000000000000e+01
-2.550000000000000000e+01
-2.550000000000000000e+01
-2.550000000000000000e+01
-1.026500000000000000e+03
-2.550000000000000000e+01
-2.550000000000000000e+01
-2.550000000000000000e+01
-2.550000000000000000e+01
-2.550000000000000000e+01
-2.550000000000000000e+01
-2.550000000000000000e+01
-2.550000000000000000e+01
-2.550000000000000000e+01
-2.550000000000000000e+01
-1.014500000000000000e+03
-2.550000000000000000e+01
-2.550000000000000000e+01
-2.550000000000000000e+01
-2.550000000000000000e+01
-2.550000000000000000e+01
-2.550000000000000000e+01
-2.550000000000000000e+01
-2.550000000000000000e+01
-9.990000000000000000e+02
-2.550000000000000000e+01
-2.550000000000000000e+01
-1.028500000000000000e+03
-2.550000000000000000e+01
-2.550000000000000000e+01
-1.028500000000000000e+03
-2.550000000000000000e+01
-2.550000000000000000e+01
-2.550000000000000000e+01
-2.550000000000000000e+01
-2.550000000000000000e+01
-2.550000000000000000e+01
-2.550000000000000000e+01
-4.250000000000000000e+01
-2.550000000000000000e+01
-2.550000000000000000e+01
-1.028500000000000000e+03
-1.014500000000000000e+03
-2.550000000000000000e+01
-2.550000000000000000e+01
-1.019500000000000000e+03
-3.050000000000000000e+01
-1.014500000000000000e+03
-3.050000000000000000e+01
-2.550000000000000000e+01
-2.550000000000000000e+01
-2.550000000000000000e+01
-2.550000000000000000e+01
-2.550000000000000000e+01
-2.550000000000000000e+01
-2.550000000000000000e+01
-2.550000000000000000e+01
-1.014500000000000000e+03
-2.550000000000000000e+01
-2.550000000000000000e+01
-2.550000000000000000e+01
-2.550000000000000000e+01
-1.006000000000000000e+03
-4.050000000000000000e+01
-2.550000000000000000e+01
-2.550000000000000000e+01
-2.550000000000000000e+01
-1.014500000000000000e+03
-2.550000000000000000e+01
-2.550000000000000000e+01
-2.550000000000000000e+01
-2.550000000000000000e+01
-2.550000000000000000e+01
-1.006000000000000000e+03
-2.550000000000000000e+01
-2.550000000000000000e+01
-2.550000000000000000e+01
-2.550000000000000000e+01
-2.550000000000000000e+01
-2.550000000000000000e+01
-2.550000000000000000e+01
-2.550000000000000000e+01
-1.006000000000000000e+03
-2.550000000000000000e+01
-2.550000000000000000e+01
-2.550000000000000000e+01
-2.550000000000000000e+01
-1.028500000000000000e+03
-2.550000000000000000e+01
-3.250000000000000000e+01
-2.550000000000000000e+01
-2.550000000000000000e+01
-2.550000000000000000e+01
-2.550000000000000000e+01
-1.019500000000000000e+03
-2.550000000000000000e+01
-2.550000000000000000e+01
-2.550000000000000000e+01
-2.550000000000000000e+01
-2.550000000000000000e+01
-1.019500000000000000e+03
-2.550000000000000000e+01
-3.450000000000000000e+01
-2.550000000000000000e+01
-2.550000000000000000e+01
-2.550000000000000000e+01
-2.550000000000000000e+01
-1.006000000000000000e+03
-2.550000000000000000e+01
-2.550000000000000000e+01
-4.050000000000000000e+01
-2.550000000000000000e+01
-2.550000000000000000e+01
-1.028500000000000000e+03
-3.250000000000000000e+01
-1.028500000000000000e+03
-1.023500000000000000e+03
-2.550000000000000000e+01
-2.550000000000000000e+01
-2.550000000000000000e+01
-2.550000000000000000e+01
-2.550000000000000000e+01
-2.550000000000000000e+01
-2.550000000000000000e+01
-2.550000000000000000e+01
-9.990000000000000000e+02
-2.550000000000000000e+01
-2.550000000000000000e+01
-2.550000000000000000e+01
-1.023500000000000000e+03
-2.550000000000000000e+01
-2.550000000000000000e+01
-2.550000000000000000e+01
-2.550000000000000000e+01
-2.550000000000000000e+01
-2.550000000000000000e+01
-2.550000000000000000e+01
-3.450000000000000000e+01
-2.550000000000000000e+01
-1.029500000000000000e+03
-2.550000000000000000e+01
-2.550000000000000000e+01
-9.990000000000000000e+02
-2.550000000000000000e+01
-2.550000000000000000e+01
-2.550000000000000000e+01
-2.550000000000000000e+01
-2.550000000000000000e+01
-2.550000000000000000e+01
-1.028500000000000000e+03
-2.550000000000000000e+01
-2.550000000000000000e+01
-1.028500000000000000e+03
-2.550000000000000000e+01
-2.550000000000000000e+01
-2.550000000000000000e+01
-8.450000000000000000e+01
-2.550000000000000000e+01
-2.550000000000000000e+01
-2.550000000000000000e+01
-2.550000000000000000e+01
-2.550000000000000000e+01
-1.019500000000000000e+03
-9.990000000000000000e+02
-2.550000000000000000e+01
-1.028500000000000000e+03
-2.550000000000000000e+01
-2.550000000000000000e+01
-4.050000000000000000e+01
-2.550000000000000000e+01
-2.550000000000000000e+01
-2.550000000000000000e+01
-1.023500000000000000e+03
-2.550000000000000000e+01
-2.550000000000000000e+01
-3.450000000000000000e+01
-2.550000000000000000e+01
-2.550000000000000000e+01
-2.550000000000000000e+01
-2.550000000000000000e+01
-1.038500000000000000e+03
-2.550000000000000000e+01
-3.250000000000000000e+01
-1.026500000000000000e+03
-4.250000000000000000e+01
-2.550000000000000000e+01
-2.550000000000000000e+01
-3.750000000000000000e+01
-4.050000000000000000e+01
-3.450000000000000000e+01
-2.550000000000000000e+01
-2.550000000000000000e+01
-1.028500000000000000e+03
-2.550000000000000000e+01
-2.550000000000000000e+01
-2.550000000000000000e+01
-2.550000000000000000e+01
-2.550000000000000000e+01
-1.014500000000000000e+03
-2.550000000000000000e+01
-2.550000000000000000e+01
-2.550000000000000000e+01
-1.026500000000000000e+03
-2.550000000000000000e+01
-1.023500000000000000e+03
-2.550000000000000000e+01
-2.550000000000000000e+01
-2.550000000000000000e+01
-9.990000000000000000e+02
-2.550000000000000000e+01
-2.550000000000000000e+01
-2.550000000000000000e+01
-2.550000000000000000e+01
-2.550000000000000000e+01
-2.550000000000000000e+01
-2.550000000000000000e+01
-2.850000000000000000e+01
-2.550000000000000000e+01
-2.550000000000000000e+01
-2.550000000000000000e+01
-2.550000000000000000e+01
-2.550000000000000000e+01
-9.990000000000000000e+02
-2.550000000000000000e+01
-1.006000000000000000e+03
-4.050000000000000000e+01
-2.550000000000000000e+01
-3.250000000000000000e+01
-3.250000000000000000e+01
-2.550000000000000000e+01
-2.550000000000000000e+01
-1.028500000000000000e+03
-2.550000000000000000e+01
-2.550000000000000000e+01
-2.550000000000000000e+01
-4.050000000000000000e+01
-2.550000000000000000e+01
-2.550000000000000000e+01
-2.550000000000000000e+01
-2.550000000000000000e+01
-2.550000000000000000e+01
-2.550000000000000000e+01
-2.550000000000000000e+01
-2.550000000000000000e+01
-1.026500000000000000e+03
-2.550000000000000000e+01
-2.550000000000000000e+01
-2.550000000000000000e+01
-2.550000000000000000e+01
-2.550000000000000000e+01
-2.550000000000000000e+01
-2.550000000000000000e+01
-2.550000000000000000e+01
-2.550000000000000000e+01
-2.550000000000000000e+01
-2.550000000000000000e+01
-2.550000000000000000e+01
-2.550000000000000000e+01
-4.050000000000000000e+01
-2.550000000000000000e+01
-2.550000000000000000e+01
-2.550000000000000000e+01
-2.550000000000000000e+01
-2.550000000000000000e+01
-2.550000000000000000e+01
-1.028500000000000000e+03
-2.550000000000000000e+01
-2.550000000000000000e+01
-2.550000000000000000e+01
-2.550000000000000000e+01
-1.044500000000000000e+03
-2.550000000000000000e+01
-1.026500000000000000e+03
-2.550000000000000000e+01
-1.006000000000000000e+03
-2.550000000000000000e+01
-2.550000000000000000e+01
-2.550000000000000000e+01
-2.550000000000000000e+01
-1.014500000000000000e+03
-2.550000000000000000e+01
-2.550000000000000000e+01
-2.550000000000000000e+01
-1.019500000000000000e+03
-2.550000000000000000e+01
-5.750000000000000000e+01
-2.550000000000000000e+01
-2.550000000000000000e+01
-3.350000000000000000e+01
-2.550000000000000000e+01
-2.550000000000000000e+01
-2.550000000000000000e+01
-3.250000000000000000e+01
-2.550000000000000000e+01
-2.550000000000000000e+01
-2.850000000000000000e+01
-2.550000000000000000e+01
-2.550000000000000000e+01
-2.550000000000000000e+01
-3.050000000000000000e+01
-2.550000000000000000e+01
-2.550000000000000000e+01
-2.550000000000000000e+01
-2.550000000000000000e+01
-3.250000000000000000e+01
-2.550000000000000000e+01
-2.550000000000000000e+01
-2.550000000000000000e+01
-2.550000000000000000e+01
-2.550000000000000000e+01
-1.019500000000000000e+03
-2.550000000000000000e+01
-2.550000000000000000e+01
-2.550000000000000000e+01
-2.550000000000000000e+01
-1.028500000000000000e+03
-2.550000000000000000e+01
-2.550000000000000000e+01
-2.550000000000000000e+01
-2.550000000000000000e+01
-2.550000000000000000e+01
-2.550000000000000000e+01
-2.550000000000000000e+01
-2.550000000000000000e+01
-2.550000000000000000e+01
-2.550000000000000000e+01
-2.550000000000000000e+01
-2.550000000000000000e+01
-2.550000000000000000e+01
-1.028500000000000000e+03
-2.550000000000000000e+01
-2.550000000000000000e+01
-2.550000000000000000e+01
-2.550000000000000000e+01
-1.028500000000000000e+03
-2.550000000000000000e+01
-2.550000000000000000e+01
-2.550000000000000000e+01
-1.028500000000000000e+03
-2.550000000000000000e+01
-2.550000000000000000e+01
-2.550000000000000000e+01
-2.550000000000000000e+01
-9.990000000000000000e+02
-2.550000000000000000e+01
-2.550000000000000000e+01
-2.550000000000000000e+01
-2.550000000000000000e+01
-2.550000000000000000e+01
-1.006000000000000000e+03
-2.550000000000000000e+01
-2.550000000000000000e+01
-2.550000000000000000e+01
-2.550000000000000000e+01
-2.550000000000000000e+01
-2.550000000000000000e+01
-2.550000000000000000e+01
-2.550000000000000000e+01
-2.550000000000000000e+01
-3.050000000000000000e+01
-2.550000000000000000e+01
-2.550000000000000000e+01
-2.550000000000000000e+01
-2.550000000000000000e+01
-2.550000000000000000e+01
-2.550000000000000000e+01
-2.550000000000000000e+01
-2.550000000000000000e+01
-2.550000000000000000e+01
-9.990000000000000000e+02
-2.550000000000000000e+01
-2.550000000000000000e+01
-2.550000000000000000e+01
-2.550000000000000000e+01
-2.550000000000000000e+01
-2.550000000000000000e+01
-2.550000000000000000e+01
-2.550000000000000000e+01
-2.550000000000000000e+01
-2.550000000000000000e+01
-2.550000000000000000e+01
-2.550000000000000000e+01
-2.550000000000000000e+01
-2.550000000000000000e+01
-2.550000000000000000e+01
-2.550000000000000000e+01
-2.850000000000000000e+01
-2.550000000000000000e+01
-1.028500000000000000e+03
-3.250000000000000000e+01
-2.550000000000000000e+01
-2.550000000000000000e+01
-2.550000000000000000e+01
-2.550000000000000000e+01
-1.006000000000000000e+03
-2.550000000000000000e+01
-2.550000000000000000e+01
-4.050000000000000000e+01
-2.550000000000000000e+01
-2.550000000000000000e+01
-2.550000000000000000e+01
-1.014500000000000000e+03
-2.550000000000000000e+01
-2.550000000000000000e+01
-1.006000000000000000e+03
-2.550000000000000000e+01
-2.550000000000000000e+01
-2.550000000000000000e+01
-2.550000000000000000e+01
-2.550000000000000000e+01
-2.550000000000000000e+01
-2.550000000000000000e+01
-4.050000000000000000e+01
-2.550000000000000000e+01
-2.550000000000000000e+01
-2.550000000000000000e+01
-2.550000000000000000e+01
-2.550000000000000000e+01
-2.550000000000000000e+01
-2.550000000000000000e+01
-2.550000000000000000e+01
-2.550000000000000000e+01
-2.550000000000000000e+01
-4.250000000000000000e+01
-2.550000000000000000e+01
-2.550000000000000000e+01
-2.550000000000000000e+01
-2.550000000000000000e+01
-2.550000000000000000e+01
-2.550000000000000000e+01
-2.550000000000000000e+01
-9.990000000000000000e+02
-2.550000000000000000e+01
-2.550000000000000000e+01
-3.450000000000000000e+01
-2.550000000000000000e+01
-2.550000000000000000e+01
-2.550000000000000000e+01
-2.550000000000000000e+01
-2.550000000000000000e+01
-2.550000000000000000e+01
-2.550000000000000000e+01
-2.550000000000000000e+01
-2.550000000000000000e+01
-2.850000000000000000e+01
-2.550000000000000000e+01
-2.550000000000000000e+01
-1.014500000000000000e+03
-2.550000000000000000e+01
-2.550000000000000000e+01
-2.550000000000000000e+01
-1.023500000000000000e+03
-2.550000000000000000e+01
-2.550000000000000000e+01
-2.550000000000000000e+01
-2.550000000000000000e+01
-2.550000000000000000e+01
-1.028500000000000000e+03
-2.550000000000000000e+01
-2.550000000000000000e+01
-2.550000000000000000e+01
-1.028500000000000000e+03
-2.550000000000000000e+01
-2.550000000000000000e+01
-2.550000000000000000e+01
-2.550000000000000000e+01
-2.550000000000000000e+01
-3.450000000000000000e+01
-5.550000000000000000e+01
-2.550000000000000000e+01
-2.550000000000000000e+01
-2.550000000000000000e+01
-9.990000000000000000e+02
-2.550000000000000000e+01
-2.550000000000000000e+01
-2.550000000000000000e+01
-2.550000000000000000e+01
-2.550000000000000000e+01
-1.023500000000000000e+03
-2.550000000000000000e+01
-2.550000000000000000e+01
-3.450000000000000000e+01
-2.550000000000000000e+01
-2.550000000000000000e+01
-9.990000000000000000e+02
-2.550000000000000000e+01
-2.550000000000000000e+01
-2.550000000000000000e+01
-1.014500000000000000e+03
-2.550000000000000000e+01
-2.550000000000000000e+01
-2.550000000000000000e+01
-9.990000000000000000e+02
-2.550000000000000000e+01
-4.250000000000000000e+01
-2.550000000000000000e+01
-2.550000000000000000e+01
-1.023500000000000000e+03
-2.550000000000000000e+01
-2.550000000000000000e+01
-2.550000000000000000e+01
-2.550000000000000000e+01
-2.550000000000000000e+01
-2.550000000000000000e+01
-2.550000000000000000e+01
-2.550000000000000000e+01
-2.550000000000000000e+01
-2.550000000000000000e+01
-1.023500000000000000e+03
-2.550000000000000000e+01
-2.550000000000000000e+01
-2.550000000000000000e+01
-2.550000000000000000e+01
-2.550000000000000000e+01
-2.550000000000000000e+01
-2.550000000000000000e+01
-2.550000000000000000e+01
-2.550000000000000000e+01
-2.550000000000000000e+01
-2.550000000000000000e+01
-2.550000000000000000e+01
-2.550000000000000000e+01
-2.550000000000000000e+01
-2.550000000000000000e+01
-2.550000000000000000e+01
-2.550000000000000000e+01
-3.450000000000000000e+01
-2.550000000000000000e+01
-2.550000000000000000e+01
-1.028500000000000000e+03
-4.050000000000000000e+01
-2.550000000000000000e+01
-2.550000000000000000e+01
-2.550000000000000000e+01
-2.550000000000000000e+01
-2.550000000000000000e+01
-2.550000000000000000e+01
-2.550000000000000000e+01
-2.550000000000000000e+01
-2.550000000000000000e+01
-1.006000000000000000e+03
-2.550000000000000000e+01
-2.550000000000000000e+01
-2.550000000000000000e+01
-2.550000000000000000e+01
-2.550000000000000000e+01
-3.450000000000000000e+01
-2.550000000000000000e+01
-2.550000000000000000e+01
-9.990000000000000000e+02
-2.550000000000000000e+01
-2.550000000000000000e+01
-2.550000000000000000e+01
-2.550000000000000000e+01
-2.550000000000000000e+01
-2.550000000000000000e+01
-2.550000000000000000e+01
-2.550000000000000000e+01
-2.550000000000000000e+01
-2.550000000000000000e+01
-2.550000000000000000e+01
-4.050000000000000000e+01
-2.550000000000000000e+01
-2.550000000000000000e+01
-2.550000000000000000e+01
-1.023500000000000000e+03
-4.250000000000000000e+01
-1.019500000000000000e+03
-2.550000000000000000e+01
-2.550000000000000000e+01
-4.250000000000000000e+01
-2.550000000000000000e+01
-1.014500000000000000e+03
-2.550000000000000000e+01
-2.550000000000000000e+01
-2.550000000000000000e+01
-2.550000000000000000e+01
-2.550000000000000000e+01
-2.550000000000000000e+01
-2.550000000000000000e+01
-2.550000000000000000e+01
-2.550000000000000000e+01
-2.550000000000000000e+01
-2.550000000000000000e+01
-2.550000000000000000e+01
-2.550000000000000000e+01
-2.550000000000000000e+01
-2.550000000000000000e+01
-2.550000000000000000e+01
-2.550000000000000000e+01
-2.550000000000000000e+01
-2.550000000000000000e+01
-2.550000000000000000e+01
-2.550000000000000000e+01
-4.050000000000000000e+01
-2.550000000000000000e+01
-2.850000000000000000e+01
-2.550000000000000000e+01
-2.550000000000000000e+01
-2.550000000000000000e+01
-4.050000000000000000e+01
-2.550000000000000000e+01
-2.550000000000000000e+01
-2.550000000000000000e+01
-2.550000000000000000e+01
-2.550000000000000000e+01
-2.550000000000000000e+01
-2.550000000000000000e+01
-2.550000000000000000e+01
-2.550000000000000000e+01
-2.550000000000000000e+01
-9.990000000000000000e+02
-9.990000000000000000e+02
-2.550000000000000000e+01
-2.550000000000000000e+01
-2.550000000000000000e+01
-2.550000000000000000e+01
-2.550000000000000000e+01
-2.550000000000000000e+01
-2.550000000000000000e+01
-2.550000000000000000e+01
-2.550000000000000000e+01
-2.550000000000000000e+01
-2.550000000000000000e+01
-2.550000000000000000e+01
-2.550000000000000000e+01
-4.250000000000000000e+01
-2.550000000000000000e+01
-2.550000000000000000e+01
-2.550000000000000000e+01
-2.550000000000000000e+01
-2.550000000000000000e+01
-2.550000000000000000e+01
-2.550000000000000000e+01
-9.990000000000000000e+02
-2.550000000000000000e+01
-2.550000000000000000e+01
-2.550000000000000000e+01
-1.029500000000000000e+03
-1.014500000000000000e+03
-1.028500000000000000e+03
-2.550000000000000000e+01
-2.550000000000000000e+01
-2.550000000000000000e+01
-2.550000000000000000e+01
-2.550000000000000000e+01
-2.550000000000000000e+01
-2.550000000000000000e+01
-2.550000000000000000e+01
-2.550000000000000000e+01
-2.550000000000000000e+01
-2.550000000000000000e+01
-2.550000000000000000e+01
-2.550000000000000000e+01
-2.550000000000000000e+01
-2.550000000000000000e+01
-2.550000000000000000e+01
-2.550000000000000000e+01
-2.550000000000000000e+01
-2.550000000000000000e+01
-2.550000000000000000e+01
-2.550000000000000000e+01
-2.550000000000000000e+01
-2.550000000000000000e+01
-2.550000000000000000e+01
-2.550000000000000000e+01
-2.550000000000000000e+01
-3.250000000000000000e+01
-2.550000000000000000e+01
-2.550000000000000000e+01
-2.550000000000000000e+01
-2.550000000000000000e+01
-3.050000000000000000e+01
-2.550000000000000000e+01
-2.550000000000000000e+01
-2.550000000000000000e+01
-2.550000000000000000e+01
-2.550000000000000000e+01
-2.550000000000000000e+01
-2.550000000000000000e+01
-2.550000000000000000e+01
-2.550000000000000000e+01
-2.550000000000000000e+01
-2.550000000000000000e+01
-4.050000000000000000e+01
-4.050000000000000000e+01
-2.550000000000000000e+01
-2.550000000000000000e+01
-2.550000000000000000e+01
-2.550000000000000000e+01
-2.550000000000000000e+01
-2.550000000000000000e+01
-1.014500000000000000e+03
-2.550000000000000000e+01
-1.028500000000000000e+03
-2.550000000000000000e+01
-2.550000000000000000e+01
-2.550000000000000000e+01
-2.550000000000000000e+01
-2.550000000000000000e+01
-2.550000000000000000e+01
-2.550000000000000000e+01
-2.550000000000000000e+01
-2.550000000000000000e+01
-2.550000000000000000e+01
-2.550000000000000000e+01
-2.550000000000000000e+01
-2.550000000000000000e+01
-2.550000000000000000e+01
-2.550000000000000000e+01
-2.550000000000000000e+01
-2.550000000000000000e+01
-4.250000000000000000e+01
-9.990000000000000000e+02
-2.550000000000000000e+01
-2.550000000000000000e+01
-2.550000000000000000e+01
-2.550000000000000000e+01
-2.550000000000000000e+01
-2.550000000000000000e+01
-2.550000000000000000e+01
-2.550000000000000000e+01
-2.550000000000000000e+01
-2.550000000000000000e+01
-2.550000000000000000e+01
-2.550000000000000000e+01
-2.550000000000000000e+01
-2.550000000000000000e+01
-2.550000000000000000e+01
-2.550000000000000000e+01
-2.550000000000000000e+01
-2.550000000000000000e+01
-2.550000000000000000e+01
-2.550000000000000000e+01
-2.550000000000000000e+01
-2.550000000000000000e+01
-2.550000000000000000e+01
-2.550000000000000000e+01
-2.550000000000000000e+01
-2.550000000000000000e+01
-2.550000000000000000e+01
-2.550000000000000000e+01
-2.550000000000000000e+01
-2.550000000000000000e+01
-2.550000000000000000e+01
-2.550000000000000000e+01
-2.550000000000000000e+01
-2.550000000000000000e+01
-2.550000000000000000e+01
-2.550000000000000000e+01
-2.550000000000000000e+01
-2.550000000000000000e+01
-2.550000000000000000e+01
-2.550000000000000000e+01
-2.550000000000000000e+01
-2.550000000000000000e+01
-2.550000000000000000e+01
-2.550000000000000000e+01
-2.550000000000000000e+01
-2.550000000000000000e+01
-2.550000000000000000e+01
-2.550000000000000000e+01
-2.550000000000000000e+01
-2.550000000000000000e+01
-2.550000000000000000e+01
-2.850000000000000000e+01
-2.550000000000000000e+01
-2.550000000000000000e+01
-2.550000000000000000e+01
-2.550000000000000000e+01
-2.550000000000000000e+01
-2.550000000000000000e+01
-3.050000000000000000e+01
-2.550000000000000000e+01
-2.550000000000000000e+01
-2.550000000000000000e+01
-2.550000000000000000e+01
-2.550000000000000000e+01
-2.550000000000000000e+01
-2.550000000000000000e+01
-2.550000000000000000e+01
-2.550000000000000000e+01
-2.550000000000000000e+01
-2.550000000000000000e+01
-2.550000000000000000e+01
-2.550000000000000000e+01
-2.550000000000000000e+01
-2.550000000000000000e+01
-2.550000000000000000e+01
-2.550000000000000000e+01
-2.550000000000000000e+01
-2.550000000000000000e+01
-2.550000000000000000e+01
-2.550000000000000000e+01
-2.550000000000000000e+01
-2.550000000000000000e+01
-2.550000000000000000e+01
-2.550000000000000000e+01
-2.550000000000000000e+01
-2.550000000000000000e+01
-2.550000000000000000e+01
-2.550000000000000000e+01
-2.550000000000000000e+01
-2.550000000000000000e+01
-2.550000000000000000e+01
-2.550000000000000000e+01
-2.550000000000000000e+01
-2.550000000000000000e+01
-2.550000000000000000e+01
-2.550000000000000000e+01
-2.550000000000000000e+01
-2.550000000000000000e+01
-2.550000000000000000e+01
-2.550000000000000000e+01
-2.550000000000000000e+01
-2.550000000000000000e+01
-2.550000000000000000e+01
-2.550000000000000000e+01
-2.550000000000000000e+01
-2.550000000000000000e+01
-2.550000000000000000e+01
-2.550000000000000000e+01
-2.550000000000000000e+01
-2.550000000000000000e+01
-2.550000000000000000e+01
-2.550000000000000000e+01
-2.550000000000000000e+01
-2.550000000000000000e+01
-2.550000000000000000e+01
-2.550000000000000000e+01
-2.550000000000000000e+01
-2.550000000000000000e+01
-2.550000000000000000e+01
-2.550000000000000000e+01
-2.550000000000000000e+01
-2.550000000000000000e+01
-2.550000000000000000e+01
-2.550000000000000000e+01
-2.550000000000000000e+01
-2.550000000000000000e+01
-1.028500000000000000e+03
-2.550000000000000000e+01
-2.550000000000000000e+01
-2.550000000000000000e+01
-2.550000000000000000e+01
-2.550000000000000000e+01
-2.550000000000000000e+01
-2.550000000000000000e+01
-2.550000000000000000e+01
-2.550000000000000000e+01
-2.550000000000000000e+01
-2.550000000000000000e+01
-2.550000000000000000e+01
-2.550000000000000000e+01
-2.550000000000000000e+01
-2.550000000000000000e+01
-2.550000000000000000e+01
-2.550000000000000000e+01
-2.550000000000000000e+01
-2.550000000000000000e+01
-2.550000000000000000e+01
-2.550000000000000000e+01
-2.550000000000000000e+01
-2.550000000000000000e+01
-2.550000000000000000e+01
-2.550000000000000000e+01
-2.550000000000000000e+01
-2.550000000000000000e+01
-2.550000000000000000e+01
-2.550000000000000000e+01
-2.550000000000000000e+01
-2.550000000000000000e+01
-2.550000000000000000e+01
-2.550000000000000000e+01
-2.550000000000000000e+01
-2.550000000000000000e+01
-2.550000000000000000e+01
-2.550000000000000000e+01
-2.550000000000000000e+01
-2.550000000000000000e+01
-2.550000000000000000e+01
-2.550000000000000000e+01
-2.550000000000000000e+01
-2.550000000000000000e+01
-2.550000000000000000e+01
-2.550000000000000000e+01
-2.550000000000000000e+01
-2.550000000000000000e+01
-2.550000000000000000e+01
-2.550000000000000000e+01
-2.550000000000000000e+01
-2.550000000000000000e+01
-2.550000000000000000e+01
-2.550000000000000000e+01
-2.550000000000000000e+01
-4.050000000000000000e+01
-2.550000000000000000e+01
-2.550000000000000000e+01
-2.550000000000000000e+01
-2.550000000000000000e+01
-2.550000000000000000e+01
-2.550000000000000000e+01
-2.550000000000000000e+01
-2.550000000000000000e+01
-2.550000000000000000e+01
-1.019500000000000000e+03
-2.550000000000000000e+01
-2.550000000000000000e+01
-2.550000000000000000e+01
-2.550000000000000000e+01
-2.550000000000000000e+01
-2.550000000000000000e+01
-2.550000000000000000e+01
-2.550000000000000000e+01
-2.550000000000000000e+01
-2.550000000000000000e+01
-2.550000000000000000e+01
-2.550000000000000000e+01
-2.550000000000000000e+01
-2.550000000000000000e+01
-2.550000000000000000e+01
-2.550000000000000000e+01
-2.550000000000000000e+01
-2.550000000000000000e+01
-2.550000000000000000e+01
-2.550000000000000000e+01
-2.550000000000000000e+01
-2.550000000000000000e+01
-2.550000000000000000e+01
-2.550000000000000000e+01
-2.550000000000000000e+01
-2.550000000000000000e+01
-2.550000000000000000e+01
-2.550000000000000000e+01
-2.550000000000000000e+01
-2.550000000000000000e+01
-1.028500000000000000e+03
-2.550000000000000000e+01
-2.550000000000000000e+01
-2.550000000000000000e+01
-2.550000000000000000e+01
-2.550000000000000000e+01
-2.550000000000000000e+01
-2.550000000000000000e+01
-2.550000000000000000e+01
-2.550000000000000000e+01
-2.550000000000000000e+01
-2.550000000000000000e+01
-2.550000000000000000e+01
-2.550000000000000000e+01
-2.550000000000000000e+01
-2.550000000000000000e+01
-2.550000000000000000e+01
-2.550000000000000000e+01
-2.550000000000000000e+01
-2.550000000000000000e+01
-2.550000000000000000e+01
-2.550000000000000000e+01
-2.550000000000000000e+01
-2.550000000000000000e+01
-2.550000000000000000e+01
-2.550000000000000000e+01
-2.550000000000000000e+01
-2.550000000000000000e+01
-2.550000000000000000e+01
-2.550000000000000000e+01
-2.550000000000000000e+01
-2.550000000000000000e+01
-2.550000000000000000e+01
-2.550000000000000000e+01
-2.550000000000000000e+01
-2.550000000000000000e+01
-2.550000000000000000e+01
-2.550000000000000000e+01
-2.550000000000000000e+01
-2.550000000000000000e+01
-2.550000000000000000e+01
-2.550000000000000000e+01
-2.550000000000000000e+01
-2.550000000000000000e+01
-2.550000000000000000e+01
-2.550000000000000000e+01
-2.550000000000000000e+01
-2.550000000000000000e+01
-2.550000000000000000e+01
-2.550000000000000000e+01
-2.550000000000000000e+01
-2.550000000000000000e+01
-2.550000000000000000e+01
-2.550000000000000000e+01
-2.550000000000000000e+01
-2.550000000000000000e+01
-2.550000000000000000e+01
-2.550000000000000000e+01
-2.550000000000000000e+01
-2.550000000000000000e+01
-2.550000000000000000e+01
-2.550000000000000000e+01
-2.550000000000000000e+01
-2.550000000000000000e+01
-2.550000000000000000e+01
-2.550000000000000000e+01
-2.550000000000000000e+01
-2.550000000000000000e+01
-2.550000000000000000e+01
-2.550000000000000000e+01
-2.550000000000000000e+01
-2.550000000000000000e+01
-2.550000000000000000e+01
-2.550000000000000000e+01
-2.550000000000000000e+01
-2.550000000000000000e+01
-2.550000000000000000e+01
-2.550000000000000000e+01
-2.550000000000000000e+01
-2.550000000000000000e+01
-2.550000000000000000e+01
-2.550000000000000000e+01
-2.550000000000000000e+01
-2.550000000000000000e+01
-2.550000000000000000e+01
-2.550000000000000000e+01
-2.550000000000000000e+01
-2.550000000000000000e+01
-2.550000000000000000e+01
-2.550000000000000000e+01
-2.550000000000000000e+01
-2.550000000000000000e+01
-2.550000000000000000e+01
-2.550000000000000000e+01
-2.550000000000000000e+01
-2.550000000000000000e+01
-2.550000000000000000e+01
-2.550000000000000000e+01
-2.550000000000000000e+01
-2.550000000000000000e+01
-2.550000000000000000e+01
-2.550000000000000000e+01
-2.550000000000000000e+01
-2.550000000000000000e+01
-2.550000000000000000e+01
-2.550000000000000000e+01
-2.550000000000000000e+01
-2.550000000000000000e+01
-2.550000000000000000e+01
-2.550000000000000000e+01
-2.550000000000000000e+01
-2.550000000000000000e+01
-2.550000000000000000e+01
-2.550000000000000000e+01
-2.550000000000000000e+01
-2.550000000000000000e+01
-2.550000000000000000e+01
-2.550000000000000000e+01
-2.550000000000000000e+01
-2.550000000000000000e+01
-2.550000000000000000e+01
-2.550000000000000000e+01
-2.550000000000000000e+01
-2.550000000000000000e+01
-2.550000000000000000e+01
-2.550000000000000000e+01
-2.550000000000000000e+01
-2.550000000000000000e+01
-2.550000000000000000e+01
-2.550000000000000000e+01
-2.550000000000000000e+01
-2.550000000000000000e+01
-2.550000000000000000e+01
-2.550000000000000000e+01
-2.550000000000000000e+01
-2.550000000000000000e+01
-2.550000000000000000e+01
-2.550000000000000000e+01
-2.550000000000000000e+01
-2.550000000000000000e+01
-2.550000000000000000e+01
-2.550000000000000000e+01
-2.550000000000000000e+01
-2.550000000000000000e+01
-2.550000000000000000e+01
-2.550000000000000000e+01
-2.550000000000000000e+01
-2.550000000000000000e+01
-2.550000000000000000e+01
-2.550000000000000000e+01
-2.550000000000000000e+01
-2.550000000000000000e+01
-2.550000000000000000e+01
-2.550000000000000000e+01
-2.550000000000000000e+01
-2.550000000000000000e+01
-2.550000000000000000e+01
-2.550000000000000000e+01
-2.550000000000000000e+01
-2.550000000000000000e+01
-2.550000000000000000e+01
-2.550000000000000000e+01
-2.550000000000000000e+01
-2.550000000000000000e+01
-2.550000000000000000e+01
-2.550000000000000000e+01
-2.550000000000000000e+01
-2.550000000000000000e+01
-2.550000000000000000e+01
-2.550000000000000000e+01
-2.550000000000000000e+01
-2.550000000000000000e+01
-2.550000000000000000e+01
-2.550000000000000000e+01
-2.550000000000000000e+01
-2.550000000000000000e+01
-2.550000000000000000e+01
-2.550000000000000000e+01
-2.550000000000000000e+01
-2.550000000000000000e+01
-2.550000000000000000e+01
-2.550000000000000000e+01
-2.550000000000000000e+01
-2.550000000000000000e+01
-2.550000000000000000e+01
-2.550000000000000000e+01
-2.550000000000000000e+01
-2.550000000000000000e+01
-2.550000000000000000e+01
-2.550000000000000000e+01
-2.550000000000000000e+01
-2.550000000000000000e+01
-2.550000000000000000e+01
-2.550000000000000000e+01
-2.550000000000000000e+01
-2.550000000000000000e+01
-2.550000000000000000e+01
-2.550000000000000000e+01
-2.550000000000000000e+01
-2.550000000000000000e+01
-2.550000000000000000e+01
-2.550000000000000000e+01
-2.550000000000000000e+01
-2.550000000000000000e+01
-2.550000000000000000e+01
-2.550000000000000000e+01
-2.550000000000000000e+01
-2.550000000000000000e+01
-2.550000000000000000e+01
-2.550000000000000000e+01
-2.550000000000000000e+01
-2.550000000000000000e+01
-2.550000000000000000e+01
-2.550000000000000000e+01
-2.550000000000000000e+01
-2.550000000000000000e+01
-2.550000000000000000e+01
-2.550000000000000000e+01
-2.550000000000000000e+01
-2.550000000000000000e+01
-2.550000000000000000e+01
-2.550000000000000000e+01
-2.550000000000000000e+01
-2.550000000000000000e+01
-2.550000000000000000e+01
-2.550000000000000000e+01
-2.550000000000000000e+01
-2.550000000000000000e+01
-2.550000000000000000e+01
-2.550000000000000000e+01
-2.550000000000000000e+01
-2.550000000000000000e+01
-2.550000000000000000e+01
-2.550000000000000000e+01
-2.550000000000000000e+01
-2.550000000000000000e+01
-2.550000000000000000e+01
-2.550000000000000000e+01
-2.550000000000000000e+01
-2.550000000000000000e+01
-2.550000000000000000e+01
-2.550000000000000000e+01
-2.550000000000000000e+01
-2.550000000000000000e+01
-2.550000000000000000e+01
-2.550000000000000000e+01
-2.550000000000000000e+01
-2.550000000000000000e+01
-2.550000000000000000e+01
-2.550000000000000000e+01
-2.550000000000000000e+01
-2.550000000000000000e+01
-2.550000000000000000e+01
-2.550000000000000000e+01
-2.550000000000000000e+01
-2.550000000000000000e+01
-2.550000000000000000e+01
-2.550000000000000000e+01
-2.550000000000000000e+01
-2.550000000000000000e+01
-2.550000000000000000e+01
-2.550000000000000000e+01
-2.550000000000000000e+01
-2.550000000000000000e+01
-2.550000000000000000e+01
-2.550000000000000000e+01
-2.550000000000000000e+01
-2.550000000000000000e+01
-2.550000000000000000e+01
-2.550000000000000000e+01
-2.550000000000000000e+01
-2.550000000000000000e+01
-2.550000000000000000e+01
-2.550000000000000000e+01
-2.550000000000000000e+01
-2.550000000000000000e+01
-2.550000000000000000e+01
-2.550000000000000000e+01
-2.550000000000000000e+01
-2.550000000000000000e+01
-2.550000000000000000e+01
-2.550000000000000000e+01
-2.550000000000000000e+01
-2.550000000000000000e+01
-2.550000000000000000e+01
-2.550000000000000000e+01
-2.550000000000000000e+01
-2.550000000000000000e+01
-2.550000000000000000e+01
-2.550000000000000000e+01
-2.550000000000000000e+01
-2.550000000000000000e+01
-2.550000000000000000e+01
-2.550000000000000000e+01
-2.550000000000000000e+01
-2.550000000000000000e+01
-2.550000000000000000e+01
-2.550000000000000000e+01
-2.550000000000000000e+01
-2.550000000000000000e+01
-2.550000000000000000e+01
-2.550000000000000000e+01
-2.550000000000000000e+01
-2.550000000000000000e+01
-2.550000000000000000e+01
-2.550000000000000000e+01
-2.550000000000000000e+01
-2.550000000000000000e+01
-2.550000000000000000e+01
-2.550000000000000000e+01
-2.550000000000000000e+01
-2.550000000000000000e+01
-2.550000000000000000e+01
-2.550000000000000000e+01
-2.550000000000000000e+01
-2.550000000000000000e+01
-2.550000000000000000e+01
-2.550000000000000000e+01
-2.550000000000000000e+01
-2.550000000000000000e+01
-2.550000000000000000e+01
-2.550000000000000000e+01
-2.550000000000000000e+01
-2.550000000000000000e+01
-2.550000000000000000e+01
-2.550000000000000000e+01
-2.550000000000000000e+01
-2.550000000000000000e+01
-2.550000000000000000e+01
-2.550000000000000000e+01
-2.550000000000000000e+01
-2.550000000000000000e+01
-2.550000000000000000e+01
-2.550000000000000000e+01
-2.550000000000000000e+01
-2.550000000000000000e+01
-2.550000000000000000e+01
-2.550000000000000000e+01
-2.550000000000000000e+01
-2.550000000000000000e+01
-2.550000000000000000e+01
-2.550000000000000000e+01
-2.550000000000000000e+01
-2.550000000000000000e+01
-2.550000000000000000e+01
-2.550000000000000000e+01
-2.550000000000000000e+01
-2.550000000000000000e+01
-2.550000000000000000e+01
-2.550000000000000000e+01
-2.550000000000000000e+01
-2.550000000000000000e+01
-2.550000000000000000e+01
-2.550000000000000000e+01
-2.550000000000000000e+01
-2.550000000000000000e+01
-2.550000000000000000e+01
-2.550000000000000000e+01
-2.550000000000000000e+01
-2.550000000000000000e+01
-2.550000000000000000e+01
-2.550000000000000000e+01
-2.550000000000000000e+01
-2.550000000000000000e+01
-2.550000000000000000e+01
-2.550000000000000000e+01
-2.550000000000000000e+01
-2.550000000000000000e+01
-2.550000000000000000e+01
-2.550000000000000000e+01
-2.550000000000000000e+01
-2.550000000000000000e+01
-2.550000000000000000e+01
-2.550000000000000000e+01
-2.550000000000000000e+01
-2.550000000000000000e+01
-2.550000000000000000e+01
-2.550000000000000000e+01
-2.550000000000000000e+01
-2.550000000000000000e+01
-2.550000000000000000e+01
-2.550000000000000000e+01
-2.550000000000000000e+01
-2.550000000000000000e+01
-2.550000000000000000e+01
-2.550000000000000000e+01
-2.550000000000000000e+01
-2.550000000000000000e+01
-2.550000000000000000e+01
-2.550000000000000000e+01
-2.550000000000000000e+01
-2.550000000000000000e+01
-2.550000000000000000e+01
-2.550000000000000000e+01
-2.550000000000000000e+01
-2.550000000000000000e+01
-2.550000000000000000e+01
-2.550000000000000000e+01
-2.550000000000000000e+01
-2.550000000000000000e+01
-2.550000000000000000e+01
-2.550000000000000000e+01
-2.550000000000000000e+01
-2.550000000000000000e+01
-2.550000000000000000e+01
-2.550000000000000000e+01
-2.550000000000000000e+01
-2.550000000000000000e+01
-2.550000000000000000e+01
-2.550000000000000000e+01
-2.550000000000000000e+01
-2.550000000000000000e+01
-2.550000000000000000e+01
-2.550000000000000000e+01
-2.550000000000000000e+01
-2.550000000000000000e+01
-2.550000000000000000e+01
-2.550000000000000000e+01
-2.550000000000000000e+01
-2.550000000000000000e+01
-2.550000000000000000e+01
-2.550000000000000000e+01
-2.550000000000000000e+01
-2.550000000000000000e+01
-2.550000000000000000e+01
-2.550000000000000000e+01
-2.550000000000000000e+01
-2.550000000000000000e+01
-2.550000000000000000e+01
-2.550000000000000000e+01
-2.550000000000000000e+01
-2.550000000000000000e+01
-2.550000000000000000e+01
-2.550000000000000000e+01
-2.550000000000000000e+01
-2.550000000000000000e+01
-2.550000000000000000e+01
-2.550000000000000000e+01
-2.550000000000000000e+01
-2.550000000000000000e+01
-2.550000000000000000e+01
-2.550000000000000000e+01
-2.550000000000000000e+01
-2.550000000000000000e+01
-2.550000000000000000e+01
-2.550000000000000000e+01
-2.550000000000000000e+01
-2.550000000000000000e+01
-2.550000000000000000e+01
-2.550000000000000000e+01
-2.550000000000000000e+01
-2.550000000000000000e+01
-2.550000000000000000e+01
-2.550000000000000000e+01
-2.550000000000000000e+01
-2.550000000000000000e+01
-2.550000000000000000e+01
-2.550000000000000000e+01
-2.550000000000000000e+01
-2.550000000000000000e+01
-2.550000000000000000e+01
-2.550000000000000000e+01
-2.550000000000000000e+01
-2.550000000000000000e+01
-2.550000000000000000e+01
-2.550000000000000000e+01
-2.550000000000000000e+01
-2.550000000000000000e+01
-2.550000000000000000e+01
-2.550000000000000000e+01
-2.550000000000000000e+01
-2.550000000000000000e+01
-2.550000000000000000e+01
-2.550000000000000000e+01
-2.550000000000000000e+01
-2.550000000000000000e+01
-2.550000000000000000e+01
-2.550000000000000000e+01
-2.550000000000000000e+01
-2.550000000000000000e+01
-2.550000000000000000e+01
-2.550000000000000000e+01
-2.550000000000000000e+01
-2.550000000000000000e+01
-2.550000000000000000e+01
-2.550000000000000000e+01
-2.550000000000000000e+01
-2.550000000000000000e+01
-2.550000000000000000e+01
-2.550000000000000000e+01
-2.550000000000000000e+01
-2.550000000000000000e+01
-2.550000000000000000e+01
-2.550000000000000000e+01
-2.550000000000000000e+01
-2.550000000000000000e+01
-2.550000000000000000e+01
-2.550000000000000000e+01
-2.550000000000000000e+01
-2.550000000000000000e+01
-2.550000000000000000e+01
-2.550000000000000000e+01
-2.550000000000000000e+01
-2.550000000000000000e+01
-2.550000000000000000e+01
-2.550000000000000000e+01
-2.550000000000000000e+01
-2.550000000000000000e+01
-2.550000000000000000e+01
-2.550000000000000000e+01
-2.550000000000000000e+01
-2.550000000000000000e+01
-2.550000000000000000e+01
-2.550000000000000000e+01
-2.550000000000000000e+01
-2.550000000000000000e+01
-2.550000000000000000e+01
-2.550000000000000000e+01
-2.550000000000000000e+01
-2.550000000000000000e+01
-2.550000000000000000e+01
-2.550000000000000000e+01
-2.550000000000000000e+01
-2.550000000000000000e+01
-2.550000000000000000e+01
-2.550000000000000000e+01
-2.550000000000000000e+01
-2.550000000000000000e+01
-2.550000000000000000e+01
-2.550000000000000000e+01
-2.550000000000000000e+01
-2.550000000000000000e+01
-2.550000000000000000e+01
-2.550000000000000000e+01
-2.550000000000000000e+01
-2.550000000000000000e+01
-2.550000000000000000e+01
-2.550000000000000000e+01
-2.550000000000000000e+01
-2.550000000000000000e+01
-2.550000000000000000e+01
-2.550000000000000000e+01
-2.550000000000000000e+01
-2.550000000000000000e+01
-2.550000000000000000e+01
-2.550000000000000000e+01
-2.550000000000000000e+01
-2.550000000000000000e+01
-2.550000000000000000e+01
-2.550000000000000000e+01
-2.550000000000000000e+01
-2.550000000000000000e+01
-2.550000000000000000e+01
-2.550000000000000000e+01
-2.550000000000000000e+01
-2.550000000000000000e+01
-2.550000000000000000e+01
-2.550000000000000000e+01
-2.550000000000000000e+01
-2.550000000000000000e+01
-2.550000000000000000e+01
-2.550000000000000000e+01
-2.550000000000000000e+01
-2.550000000000000000e+01
-2.550000000000000000e+01
-2.550000000000000000e+01
-2.550000000000000000e+01
-2.550000000000000000e+01
-2.550000000000000000e+01
-2.550000000000000000e+01
-2.550000000000000000e+01
-2.550000000000000000e+01
-2.550000000000000000e+01
-2.550000000000000000e+01
-2.550000000000000000e+01
-2.550000000000000000e+01
-2.550000000000000000e+01
-2.550000000000000000e+01
-2.550000000000000000e+01
-2.550000000000000000e+01
-2.550000000000000000e+01
-2.550000000000000000e+01
-2.550000000000000000e+01
-2.550000000000000000e+01
-2.550000000000000000e+01
-2.550000000000000000e+01
-2.550000000000000000e+01
-2.550000000000000000e+01
-2.550000000000000000e+01
-2.550000000000000000e+01
-2.550000000000000000e+01
-2.550000000000000000e+01
-2.550000000000000000e+01
-2.550000000000000000e+01
-2.550000000000000000e+01
-2.550000000000000000e+01
-2.550000000000000000e+01
-2.550000000000000000e+01
-2.550000000000000000e+01
