-1.031500000000000000e+03
-1.017000000000000000e+03
-9.990000000000000000e+02
-9.990000000000000000e+02
-1.029500000000000000e+03
-1.008500000000000000e+03
-1.006000000000000000e+03
-1.040500000000000000e+03
-1.046500000000000000e+03
-1.016500000000000000e+03
-1.012000000000000000e+03
-1.038500000000000000e+03
-9.990000000000000000e+02
-1.016500000000000000e+03
-1.053500000000000000e+03
-1.049500000000000000e+03
-9.990000000000000000e+02
-1.023500000000000000e+03
-1.037500000000000000e+03
-1.030500000000000000e+03
-1.023500000000000000e+03
-1.033500000000000000e+03
-1.042500000000000000e+03
-1.029500000000000000e+03
-1.077500000000000000e+03
-1.076500000000000000e+03
-1.021000000000000000e+03
-1.029500000000000000e+03
-1.036500000000000000e+03
-1.042500000000000000e+03
-1.053500000000000000e+03
-1.030500000000000000e+03
-1.021000000000000000e+03
-1.027500000000000000e+03
-1.037500000000000000e+03
-1.028500000000000000e+03
-1.031500000000000000e+03
-1.032500000000000000e+03
-1.034500000000000000e+03
-1.040500000000000000e+03
-1.032500000000000000e+03
-1.053500000000000000e+03
-1.045500000000000000e+03
-1.066500000000000000e+03
-1.065500000000000000e+03
-1.023500000000000000e+03
-1.054500000000000000e+03
-1.025500000000000000e+03
-1.023000000000000000e+03
-1.014500000000000000e+03
-1.072500000000000000e+03
-1.033500000000000000e+03
-1.026000000000000000e+03
-1.047500000000000000e+03
-1.034500000000000000e+03
-1.030500000000000000e+03
-1.047500000000000000e+03
-1.040500000000000000e+03
-1.077500000000000000e+03
-1.041500000000000000e+03
-1.088500000000000000e+03
-9.990000000000000000e+02
-1.024000000000000000e+03
-1.058500000000000000e+03
-1.052500000000000000e+03
-1.060500000000000000e+03
-1.048500000000000000e+03
-9.990000000000000000e+02
-1.047500000000000000e+03
-9.990000000000000000e+02
-1.032500000000000000e+03
-1.076500000000000000e+03
-1.006000000000000000e+03
-1.035500000000000000e+03
-1.040500000000000000e+03
-1.043500000000000000e+03
-1.016500000000000000e+03
-1.084500000000000000e+03
-1.035500000000000000e+03
-9.990000000000000000e+02
-1.052500000000000000e+03
-1.068500000000000000e+03
-9.990000000000000000e+02
-1.103500000000000000e+03
-1.040500000000000000e+03
-1.050500000000000000e+03
-1.103500000000000000e+03
-1.291500000000000000e+03
-9.990000000000000000e+02
-1.038500000000000000e+03
-1.047500000000000000e+03
-1.088500000000000000e+03
-1.089500000000000000e+03
-1.190500000000000000e+03
-1.014500000000000000e+03
-1.067500000000000000e+03
-1.046500000000000000e+03
-2.950000000000000000e+01
-9.990000000000000000e+02
-1.032500000000000000e+03
-9.990000000000000000e+02
-6.150000000000000000e+01
-1.031500000000000000e+03
-1.025500000000000000e+03
-4.450000000000000000e+01
-9.990000000000000000e+02
-1.035000000000000000e+03
-1.019000000000000000e+03
-6.050000000000000000e+01
-1.006000000000000000e+03
-1.142500000000000000e+03
-1.251500000000000000e+03
-4.650000000000000000e+01
-2.950000000000000000e+01
-1.157500000000000000e+03
-1.028500000000000000e+03
-1.076500000000000000e+03
-8.850000000000000000e+01
-1.021000000000000000e+03
-1.955000000000000000e+02
-1.415000000000000000e+02
-1.041500000000000000e+03
-4.650000000000000000e+01
-2.425000000000000000e+02
-1.106500000000000000e+03
-1.047500000000000000e+03
-1.014500000000000000e+03
-4.750000000000000000e+01
-1.028500000000000000e+03
-1.055500000000000000e+03
-2.950000000000000000e+01
-4.250000000000000000e+01
-9.990000000000000000e+02
-9.990000000000000000e+02
-1.043500000000000000e+03
-3.250000000000000000e+01
-4.050000000000000000e+01
-1.061500000000000000e+03
-1.040500000000000000e+03
-9.990000000000000000e+02
-4.750000000000000000e+01
-3.950000000000000000e+01
-4.050000000000000000e+01
-6.750000000000000000e+01
-1.060500000000000000e+03
-1.025500000000000000e+03
-2.550000000000000000e+01
-1.064500000000000000e+03
-4.250000000000000000e+01
-1.049500000000000000e+03
-8.950000000000000000e+01
-6.750000000000000000e+01
-3.450000000000000000e+01
-1.182500000000000000e+03
-1.044500000000000000e+03
-5.350000000000000000e+01
-6.250000000000000000e+01
-1.035500000000000000e+03
-2.550000000000000000e+01
-5.450000000000000000e+01
-9.350000000000000000e+01
-5.550000000000000000e+01
-1.163500000000000000e+03
-2.550000000000000000e+01
-1.053500000000000000e+03
-1.034500000000000000e+03
-2.550000000000000000e+01
-1.032500000000000000e+03
-1.045500000000000000e+03
-3.050000000000000000e+01
-4.050000000000000000e+01
-2.950000000000000000e+01
-4.550000000000000000e+01
-1.023500000000000000e+03
-2.950000000000000000e+01
-3.250000000000000000e+01
-1.030500000000000000e+03
-3.850000000000000000e+01
-4.050000000000000000e+01
-2.950000000000000000e+01
-2.550000000000000000e+01
-6.250000000000000000e+01
-2.950000000000000000e+01
-1.045500000000000000e+03
-2.550000000000000000e+01
-1.095500000000000000e+03
-3.650000000000000000e+01
-5.550000000000000000e+01
-1.171500000000000000e+03
-4.250000000000000000e+01
-1.030500000000000000e+03
-2.950000000000000000e+01
-1.070500000000000000e+03
-2.950000000000000000e+01
-2.550000000000000000e+01
-1.028500000000000000e+03
-1.023500000000000000e+03
-4.050000000000000000e+01
-9.990000000000000000e+02
-9.990000000000000000e+02
-2.950000000000000000e+01
-4.550000000000000000e+01
-2.550000000000000000e+01
-2.950000000000000000e+01
-3.650000000000000000e+01
-4.050000000000000000e+01
-1.019500000000000000e+03
-2.950000000000000000e+01
-4.250000000000000000e+01
-1.485000000000000000e+02
-1.035500000000000000e+03
-3.450000000000000000e+01
-2.550000000000000000e+01
-3.650000000000000000e+01
-7.950000000000000000e+01
-2.550000000000000000e+01
-1.012000000000000000e+03
-2.550000000000000000e+01
-3.850000000000000000e+01
-1.125000000000000000e+02
-9.990000000000000000e+02
-1.033500000000000000e+03
-9.990000000000000000e+02
-1.014500000000000000e+03
-2.550000000000000000e+01
-2.550000000000000000e+01
-1.132500000000000000e+03
-1.071500000000000000e+03
-9.990000000000000000e+02
-6.150000000000000000e+01
-3.450000000000000000e+01
-2.950000000000000000e+01
-2.550000000000000000e+01
-2.950000000000000000e+01
-2.550000000000000000e+01
-3.450000000000000000e+01
-8.150000000000000000e+01
-1.023500000000000000e+03
-5.450000000000000000e+01
-2.950000000000000000e+01
-3.250000000000000000e+01
-2.950000000000000000e+01
-1.033500000000000000e+03
-4.250000000000000000e+01
-9.990000000000000000e+02
-2.550000000000000000e+01
-2.550000000000000000e+01
-8.350000000000000000e+01
-2.550000000000000000e+01
-1.008500000000000000e+03
-4.050000000000000000e+01
-1.017000000000000000e+03
-9.990000000000000000e+02
-3.250000000000000000e+01
-2.550000000000000000e+01
-2.950000000000000000e+01
-2.950000000000000000e+01
-2.550000000000000000e+01
-1.008500000000000000e+03
-2.550000000000000000e+01
-2.550000000000000000e+01
-2.550000000000000000e+01
-4.050000000000000000e+01
-1.027000000000000000e+03
-1.012000000000000000e+03
-2.550000000000000000e+01
-2.550000000000000000e+01
-2.550000000000000000e+01
-2.550000000000000000e+01
-3.950000000000000000e+01
-1.012000000000000000e+03
-2.550000000000000000e+01
-2.550000000000000000e+01
-3.050000000000000000e+01
-1.017000000000000000e+03
-4.050000000000000000e+01
-2.550000000000000000e+01
-1.021000000000000000e+03
-1.017000000000000000e+03
-3.250000000000000000e+01
-3.650000000000000000e+01
-2.550000000000000000e+01
-2.550000000000000000e+01
-9.990000000000000000e+02
-3.450000000000000000e+01
-3.650000000000000000e+01
-2.550000000000000000e+01
-2.550000000000000000e+01
-3.450000000000000000e+01
-2.550000000000000000e+01
-2.550000000000000000e+01
-2.550000000000000000e+01
-3.450000000000000000e+01
-4.250000000000000000e+01
-3.850000000000000000e+01
-9.990000000000000000e+02
-2.550000000000000000e+01
-3.750000000000000000e+01
-1.044500000000000000e+03
-2.550000000000000000e+01
-2.550000000000000000e+01
-2.550000000000000000e+01
-2.550000000000000000e+01
-2.550000000000000000e+01
-7.050000000000000000e+01
-2.550000000000000000e+01
-1.021000000000000000e+03
-2.550000000000000000e+01
-4.350000000000000000e+01
-1.017000000000000000e+03
-2.550000000000000000e+01
-2.550000000000000000e+01
-2.550000000000000000e+01
-3.450000000000000000e+01
-2.550000000000000000e+01
-2.550000000000000000e+01
-2.550000000000000000e+01
-2.550000000000000000e+01
-1.006000000000000000e+03
-2.550000000000000000e+01
-9.990000000000000000e+02
-1.023500000000000000e+03
-2.550000000000000000e+01
-2.950000000000000000e+01
-2.550000000000000000e+01
-3.050000000000000000e+01
-9.990000000000000000e+02
-3.250000000000000000e+01
-2.550000000000000000e+01
-2.550000000000000000e+01
-1.017000000000000000e+03
-1.012000000000000000e+03
-3.450000000000000000e+01
-2.550000000000000000e+01
-2.550000000000000000e+01
-3.650000000000000000e+01
-3.450000000000000000e+01
-2.950000000000000000e+01
-2.550000000000000000e+01
-4.550000000000000000e+01
-3.250000000000000000e+01
-1.017000000000000000e+03
-2.550000000000000000e+01
-2.550000000000000000e+01
-2.550000000000000000e+01
-2.550000000000000000e+01
-2.950000000000000000e+01
-2.550000000000000000e+01
-3.050000000000000000e+01
-2.550000000000000000e+01
-3.450000000000000000e+01
-2.550000000000000000e+01
-2.950000000000000000e+01
-2.550000000000000000e+01
-2.550000000000000000e+01
-2.550000000000000000e+01
-4.450000000000000000e+01
-2.550000000000000000e+01
-2.550000000000000000e+01
-3.650000000000000000e+01
-2.550000000000000000e+01
-2.550000000000000000e+01
-2.550000000000000000e+01
-2.550000000000000000e+01
-1.033500000000000000e+03
-2.550000000000000000e+01
-1.006000000000000000e+03
-1.006000000000000000e+03
-2.550000000000000000e+01
-2.550000000000000000e+01
-2.550000000000000000e+01
-9.990000000000000000e+02
-2.950000000000000000e+01
-2.550000000000000000e+01
-2.550000000000000000e+01
-4.550000000000000000e+01
-2.550000000000000000e+01
-1.012000000000000000e+03
-2.550000000000000000e+01
-2.550000000000000000e+01
-3.250000000000000000e+01
-2.550000000000000000e+01
-2.550000000000000000e+01
-2.550000000000000000e+01
-1.065000000000000000e+02
-2.550000000000000000e+01
-2.550000000000000000e+01
-2.550000000000000000e+01
-3.850000000000000000e+01
-2.550000000000000000e+01
-3.650000000000000000e+01
-2.550000000000000000e+01
-2.550000000000000000e+01
-2.550000000000000000e+01
-2.550000000000000000e+01
-2.550000000000000000e+01
-3.250000000000000000e+01
-2.550000000000000000e+01
-3.650000000000000000e+01
-2.550000000000000000e+01
-3.250000000000000000e+01
-2.550000000000000000e+01
-3.850000000000000000e+01
-2.550000000000000000e+01
-3.650000000000000000e+01
-3.050000000000000000e+01
-2.550000000000000000e+01
-9.990000000000000000e+02
-2.550000000000000000e+01
-2.550000000000000000e+01
-2.550000000000000000e+01
-2.550000000000000000e+01
-2.550000000000000000e+01
-5.850000000000000000e+01
-1.006000000000000000e+03
-2.550000000000000000e+01
-9.990000000000000000e+02
-1.012000000000000000e+03
-2.550000000000000000e+01
-3.250000000000000000e+01
-2.550000000000000000e+01
-3.050000000000000000e+01
-1.042500000000000000e+03
-2.550000000000000000e+01
-2.550000000000000000e+01
-2.950000000000000000e+01
-2.550000000000000000e+01
-1.006000000000000000e+03
-2.950000000000000000e+01
-2.550000000000000000e+01
-3.550000000000000000e+01
-2.550000000000000000e+01
-2.550000000000000000e+01
-2.550000000000000000e+01
-2.550000000000000000e+01
-2.550000000000000000e+01
-3.850000000000000000e+01
-2.550000000000000000e+01
-2.550000000000000000e+01
-9.990000000000000000e+02
-2.550000000000000000e+01
-9.990000000000000000e+02
-2.550000000000000000e+01
-2.550000000000000000e+01
-3.450000000000000000e+01
-9.990000000000000000e+02
-1.017000000000000000e+03
-2.550000000000000000e+01
-3.050000000000000000e+01
-2.550000000000000000e+01
-2.550000000000000000e+01
-2.550000000000000000e+01
-2.550000000000000000e+01
-2.550000000000000000e+01
-3.250000000000000000e+01
-1.017000000000000000e+03
-2.550000000000000000e+01
-2.550000000000000000e+01
-2.550000000000000000e+01
-2.550000000000000000e+01
-1.006000000000000000e+03
-3.650000000000000000e+01
-2.550000000000000000e+01
-1.006000000000000000e+03
-2.550000000000000000e+01
-2.550000000000000000e+01
-2.550000000000000000e+01
-2.550000000000000000e+01
-9.990000000000000000e+02
-2.550000000000000000e+01
-2.550000000000000000e+01
-2.550000000000000000e+01
-3.050000000000000000e+01
-9.990000000000000000e+02
-2.550000000000000000e+01
-2.550000000000000000e+01
-1.017000000000000000e+03
-1.017000000000000000e+03
-2.550000000000000000e+01
-2.550000000000000000e+01
-9.990000000000000000e+02
-1.012000000000000000e+03
-2.550000000000000000e+01
-1.017000000000000000e+03
-3.450000000000000000e+01
-2.550000000000000000e+01
-9.990000000000000000e+02
-2.550000000000000000e+01
-3.250000000000000000e+01
-4.350000000000000000e+01
-2.550000000000000000e+01
-3.250000000000000000e+01
-2.550000000000000000e+01
-2.950000000000000000e+01
-2.550000000000000000e+01
-2.550000000000000000e+01
-2.550000000000000000e+01
-2.550000000000000000e+01
-2.550000000000000000e+01
-2.550000000000000000e+01
-2.550000000000000000e+01
-9.990000000000000000e+02
-2.550000000000000000e+01
-2.550000000000000000e+01
-3.250000000000000000e+01
-2.550000000000000000e+01
-3.450000000000000000e+01
-9.990000000000000000e+02
-2.550000000000000000e+01
-1.006000000000000000e+03
-2.550000000000000000e+01
-2.550000000000000000e+01
-9.990000000000000000e+02
-2.550000000000000000e+01
-2.550000000000000000e+01
-2.950000000000000000e+01
-2.550000000000000000e+01
-2.550000000000000000e+01
-9.990000000000000000e+02
-3.250000000000000000e+01
-2.550000000000000000e+01
-2.550000000000000000e+01
-2.550000000000000000e+01
-2.550000000000000000e+01
-2.550000000000000000e+01
-2.550000000000000000e+01
-2.550000000000000000e+01
-2.550000000000000000e+01
-1.036000000000000000e+03
-1.017000000000000000e+03
-2.550000000000000000e+01
-2.550000000000000000e+01
-2.550000000000000000e+01
-2.550000000000000000e+01
-2.550000000000000000e+01
-1.034000000000000000e+03
-9.990000000000000000e+02
-4.050000000000000000e+01
-2.550000000000000000e+01
-4.050000000000000000e+01
-2.550000000000000000e+01
-2.950000000000000000e+01
-2.550000000000000000e+01
-2.550000000000000000e+01
-2.550000000000000000e+01
-2.550000000000000000e+01
-2.950000000000000000e+01
-1.032500000000000000e+03
-2.550000000000000000e+01
-1.021000000000000000e+03
-2.550000000000000000e+01
-2.550000000000000000e+01
-2.550000000000000000e+01
-3.650000000000000000e+01
-2.550000000000000000e+01
-3.650000000000000000e+01
-2.550000000000000000e+01
-2.550000000000000000e+01
-2.950000000000000000e+01
-2.550000000000000000e+01
-2.550000000000000000e+01
-2.550000000000000000e+01
-1.006000000000000000e+03
-2.550000000000000000e+01
-2.550000000000000000e+01
-2.550000000000000000e+01
-2.950000000000000000e+01
-2.550000000000000000e+01
-2.550000000000000000e+01
-2.550000000000000000e+01
-2.550000000000000000e+01
-9.990000000000000000e+02
-3.450000000000000000e+01
-2.550000000000000000e+01
-3.050000000000000000e+01
-3.250000000000000000e+01
-2.550000000000000000e+01
-2.550000000000000000e+01
-2.550000000000000000e+01
-2.550000000000000000e+01
-3.250000000000000000e+01
-2.550000000000000000e+01
-2.550000000000000000e+01
-2.550000000000000000e+01
-2.550000000000000000e+01
-2.550000000000000000e+01
-2.550000000000000000e+01
-2.550000000000000000e+01
-2.550000000000000000e+01
-2.550000000000000000e+01
-1.035500000000000000e+03
-2.550000000000000000e+01
-2.550000000000000000e+01
-2.550000000000000000e+01
-3.450000000000000000e+01
-2.550000000000000000e+01
-2.550000000000000000e+01
-2.550000000000000000e+01
-2.550000000000000000e+01
-2.550000000000000000e+01
-2.550000000000000000e+01
-9.990000000000000000e+02
-3.650000000000000000e+01
-2.550000000000000000e+01
-2.550000000000000000e+01
-1.021000000000000000e+03
-1.021000000000000000e+03
-4.950000000000000000e+01
-2.550000000000000000e+01
-2.550000000000000000e+01
-2.550000000000000000e+01
-3.650000000000000000e+01
-2.550000000000000000e+01
-9.990000000000000000e+02
-3.850000000000000000e+01
-4.050000000000000000e+01
-1.017000000000000000e+03
-7.650000000000000000e+01
-9.990000000000000000e+02
-2.550000000000000000e+01
-1.021000000000000000e+03
-2.550000000000000000e+01
-9.990000000000000000e+02
-2.550000000000000000e+01
-1.012000000000000000e+03
-2.550000000000000000e+01
-2.550000000000000000e+01
-2.550000000000000000e+01
-3.250000000000000000e+01
-2.550000000000000000e+01
-3.250000000000000000e+01
-2.550000000000000000e+01
-3.250000000000000000e+01
-9.990000000000000000e+02
-2.550000000000000000e+01
-3.650000000000000000e+01
-2.550000000000000000e+01
-2.550000000000000000e+01
-3.250000000000000000e+01
-2.550000000000000000e+01
-2.550000000000000000e+01
-3.050000000000000000e+01
-3.250000000000000000e+01
-3.450000000000000000e+01
-2.550000000000000000e+01
-3.650000000000000000e+01
-2.550000000000000000e+01
-2.550000000000000000e+01
-3.650000000000000000e+01
-2.550000000000000000e+01
-1.021000000000000000e+03
-2.550000000000000000e+01
-2.550000000000000000e+01
-2.550000000000000000e+01
-2.550000000000000000e+01
-1.017000000000000000e+03
-3.250000000000000000e+01
-2.550000000000000000e+01
-3.850000000000000000e+01
-1.012000000000000000e+03
-3.250000000000000000e+01
-2.550000000000000000e+01
-9.990000000000000000e+02
-2.550000000000000000e+01
-2.550000000000000000e+01
-2.550000000000000000e+01
-2.550000000000000000e+01
-1.012000000000000000e+03
-2.550000000000000000e+01
-2.550000000000000000e+01
-3.650000000000000000e+01
-2.550000000000000000e+01
-2.550000000000000000e+01
-2.550000000000000000e+01
-2.550000000000000000e+01
-2.550000000000000000e+01
-2.550000000000000000e+01
-1.017000000000000000e+03
-3.450000000000000000e+01
-2.550000000000000000e+01
-2.550000000000000000e+01
-3.650000000000000000e+01
-3.650000000000000000e+01
-2.550000000000000000e+01
-2.550000000000000000e+01
-1.006000000000000000e+03
-2.550000000000000000e+01
-2.550000000000000000e+01
-2.550000000000000000e+01
-1.023500000000000000e+03
-2.550000000000000000e+01
-2.550000000000000000e+01
-2.550000000000000000e+01
-2.550000000000000000e+01
-2.550000000000000000e+01
-2.550000000000000000e+01
-3.850000000000000000e+01
-2.550000000000000000e+01
-2.550000000000000000e+01
-2.550000000000000000e+01
-2.550000000000000000e+01
-2.550000000000000000e+01
-2.550000000000000000e+01
-2.550000000000000000e+01
-1.006000000000000000e+03
-2.550000000000000000e+01
-2.550000000000000000e+01
-3.650000000000000000e+01
-1.021000000000000000e+03
-3.650000000000000000e+01
-2.550000000000000000e+01
-3.850000000000000000e+01
-3.050000000000000000e+01
-2.550000000000000000e+01
-3.250000000000000000e+01
-1.012000000000000000e+03
-3.650000000000000000e+01
-4.050000000000000000e+01
-2.550000000000000000e+01
-1.006000000000000000e+03
-1.042500000000000000e+03
-2.550000000000000000e+01
-4.250000000000000000e+01
-2.550000000000000000e+01
-2.550000000000000000e+01
-4.050000000000000000e+01
-1.012000000000000000e+03
-2.550000000000000000e+01
-2.550000000000000000e+01
-2.550000000000000000e+01
-2.550000000000000000e+01
-2.550000000000000000e+01
-2.550000000000000000e+01
-2.550000000000000000e+01
-3.050000000000000000e+01
-2.550000000000000000e+01
-2.550000000000000000e+01
-2.550000000000000000e+01
-2.550000000000000000e+01
-2.950000000000000000e+01
-2.550000000000000000e+01
-5.850000000000000000e+01
-2.550000000000000000e+01
-1.017000000000000000e+03
-2.550000000000000000e+01
-5.050000000000000000e+01
-1.026500000000000000e+03
-1.006000000000000000e+03
-2.550000000000000000e+01
-2.550000000000000000e+01
-3.250000000000000000e+01
-2.550000000000000000e+01
-2.550000000000000000e+01
-2.550000000000000000e+01
-2.550000000000000000e+01
-2.950000000000000000e+01
-3.450000000000000000e+01
-2.550000000000000000e+01
-2.950000000000000000e+01
-2.550000000000000000e+01
-2.550000000000000000e+01
-3.050000000000000000e+01
-2.550000000000000000e+01
-3.250000000000000000e+01
-2.550000000000000000e+01
-2.550000000000000000e+01
-2.550000000000000000e+01
-2.550000000000000000e+01
-2.550000000000000000e+01
-2.550000000000000000e+01
-2.550000000000000000e+01
-2.950000000000000000e+01
-2.550000000000000000e+01
-3.250000000000000000e+01
-1.017000000000000000e+03
-3.450000000000000000e+01
-9.990000000000000000e+02
-2.550000000000000000e+01
-2.550000000000000000e+01
-9.990000000000000000e+02
-2.550000000000000000e+01
-2.550000000000000000e+01
-2.550000000000000000e+01
-2.550000000000000000e+01
-1.006000000000000000e+03
-2.550000000000000000e+01
-2.950000000000000000e+01
-2.550000000000000000e+01
-2.950000000000000000e+01
-1.021000000000000000e+03
-9.990000000000000000e+02
-2.550000000000000000e+01
-2.550000000000000000e+01
-2.550000000000000000e+01
-2.550000000000000000e+01
-2.950000000000000000e+01
-2.550000000000000000e+01
-1.017000000000000000e+03
-2.550000000000000000e+01
-2.950000000000000000e+01
-2.550000000000000000e+01
-2.550000000000000000e+01
-2.550000000000000000e+01
-2.550000000000000000e+01
-2.550000000000000000e+01
-2.550000000000000000e+01
-2.550000000000000000e+01
-2.550000000000000000e+01
-2.550000000000000000e+01
-3.450000000000000000e+01
-2.550000000000000000e+01
-2.550000000000000000e+01
-9.990000000000000000e+02
-2.550000000000000000e+01
-4.350000000000000000e+01
-2.550000000000000000e+01
-2.550000000000000000e+01
-2.550000000000000000e+01
-2.550000000000000000e+01
-2.550000000000000000e+01
-2.550000000000000000e+01
-3.650000000000000000e+01
-2.550000000000000000e+01
-4.050000000000000000e+01
-3.250000000000000000e+01
-2.550000000000000000e+01
-3.250000000000000000e+01
-2.550000000000000000e+01
-2.550000000000000000e+01
-2.550000000000000000e+01
-9.990000000000000000e+02
-2.550000000000000000e+01
-2.550000000000000000e+01
-2.550000000000000000e+01
-2.550000000000000000e+01
-3.650000000000000000e+01
-2.550000000000000000e+01
-2.550000000000000000e+01
-2.550000000000000000e+01
-2.550000000000000000e+01
-2.550000000000000000e+01
-2.550000000000000000e+01
-2.550000000000000000e+01
-2.950000000000000000e+01
-2.550000000000000000e+01
-1.012000000000000000e+03
-3.650000000000000000e+01
-3.250000000000000000e+01
-2.550000000000000000e+01
-2.550000000000000000e+01
-2.550000000000000000e+01
-1.021000000000000000e+03
-2.550000000000000000e+01
-3.650000000000000000e+01
-2.550000000000000000e+01
-2.550000000000000000e+01
-2.550000000000000000e+01
-3.250000000000000000e+01
-2.550000000000000000e+01
-1.014000000000000000e+03
-2.550000000000000000e+01
-3.650000000000000000e+01
-2.550000000000000000e+01
-2.550000000000000000e+01
-2.550000000000000000e+01
-4.150000000000000000e+01
-2.550000000000000000e+01
-2.550000000000000000e+01
-2.550000000000000000e+01
-4.050000000000000000e+01
-2.550000000000000000e+01
-2.550000000000000000e+01
-2.550000000000000000e+01
-2.550000000000000000e+01
-2.550000000000000000e+01
-2.550000000000000000e+01
-2.550000000000000000e+01
-3.250000000000000000e+01
-2.550000000000000000e+01
-2.550000000000000000e+01
-2.550000000000000000e+01
-9.990000000000000000e+02
-2.550000000000000000e+01
-2.550000000000000000e+01
-1.006000000000000000e+03
-2.550000000000000000e+01
-2.550000000000000000e+01
-3.050000000000000000e+01
-2.550000000000000000e+01
-2.550000000000000000e+01
-2.550000000000000000e+01
-2.550000000000000000e+01
-1.017000000000000000e+03
-2.550000000000000000e+01
-2.550000000000000000e+01
-2.950000000000000000e+01
-2.550000000000000000e+01
-2.550000000000000000e+01
-2.550000000000000000e+01
-2.550000000000000000e+01
-2.550000000000000000e+01
-2.550000000000000000e+01
-2.550000000000000000e+01
-2.550000000000000000e+01
-3.850000000000000000e+01
-2.550000000000000000e+01
-2.550000000000000000e+01
-2.550000000000000000e+01
-2.550000000000000000e+01
-2.550000000000000000e+01
-2.550000000000000000e+01
-2.550000000000000000e+01
-2.550000000000000000e+01
-2.550000000000000000e+01
-1.017000000000000000e+03
-2.550000000000000000e+01
-2.550000000000000000e+01
-2.550000000000000000e+01
-2.550000000000000000e+01
-2.550000000000000000e+01
-2.550000000000000000e+01
-2.550000000000000000e+01
-3.250000000000000000e+01
-2.550000000000000000e+01
-2.550000000000000000e+01
-2.550000000000000000e+01
-2.550000000000000000e+01
-2.550000000000000000e+01
-2.550000000000000000e+01
-2.550000000000000000e+01
-3.850000000000000000e+01
-2.550000000000000000e+01
-2.550000000000000000e+01
-2.550000000000000000e+01
-2.550000000000000000e+01
-2.550000000000000000e+01
-2.550000000000000000e+01
-2.550000000000000000e+01
-2.550000000000000000e+01
-9.990000000000000000e+02
-1.012000000000000000e+03
-2.950000000000000000e+01
-1.017000000000000000e+03
-2.550000000000000000e+01
-2.550000000000000000e+01
-9.990000000000000000e+02
-2.550000000000000000e+01
-4.050000000000000000e+01
-2.550000000000000000e+01
-2.550000000000000000e+01
-2.550000000000000000e+01
-2.550000000000000000e+01
-2.550000000000000000e+01
-2.550000000000000000e+01
-9.990000000000000000e+02
-2.550000000000000000e+01
-2.550000000000000000e+01
-2.550000000000000000e+01
-2.550000000000000000e+01
-2.550000000000000000e+01
-2.550000000000000000e+01
-3.650000000000000000e+01
-2.550000000000000000e+01
-4.050000000000000000e+01
-2.550000000000000000e+01
-2.550000000000000000e+01
-4.950000000000000000e+01
-9.990000000000000000e+02
-7.050000000000000000e+01
-6.450000000000000000e+01
-2.550000000000000000e+01
-2.550000000000000000e+01
-2.550000000000000000e+01
-2.550000000000000000e+01
-2.550000000000000000e+01
-2.550000000000000000e+01
-2.550000000000000000e+01
-2.550000000000000000e+01
-2.550000000000000000e+01
-2.550000000000000000e+01
-2.550000000000000000e+01
-2.550000000000000000e+01
-2.550000000000000000e+01
-2.550000000000000000e+01
-2.550000000000000000e+01
-2.550000000000000000e+01
-2.550000000000000000e+01
-2.550000000000000000e+01
-2.550000000000000000e+01
-2.550000000000000000e+01
-3.050000000000000000e+01
-2.550000000000000000e+01
-1.075000000000000000e+02
-2.550000000000000000e+01
-3.050000000000000000e+01
-2.550000000000000000e+01
-2.550000000000000000e+01
-2.550000000000000000e+01
-2.550000000000000000e+01
-3.250000000000000000e+01
-2.550000000000000000e+01
-2.550000000000000000e+01
-3.650000000000000000e+01
-2.550000000000000000e+01
-2.550000000000000000e+01
-5.650000000000000000e+01
-3.650000000000000000e+01
-2.550000000000000000e+01
-2.550000000000000000e+01
-2.550000000000000000e+01
-2.550000000000000000e+01
-3.050000000000000000e+01
-2.950000000000000000e+01
-2.550000000000000000e+01
-3.050000000000000000e+01
-2.550000000000000000e+01
-2.550000000000000000e+01
-4.150000000000000000e+01
-3.450000000000000000e+01
-2.550000000000000000e+01
-2.550000000000000000e+01
-2.550000000000000000e+01
-2.550000000000000000e+01
-2.550000000000000000e+01
-2.550000000000000000e+01
-2.550000000000000000e+01
-2.550000000000000000e+01
-2.550000000000000000e+01
-2.550000000000000000e+01
-2.550000000000000000e+01
-2.550000000000000000e+01
-2.550000000000000000e+01
-3.050000000000000000e+01
-2.550000000000000000e+01
-2.550000000000000000e+01
-2.550000000000000000e+01
-2.550000000000000000e+01
-3.450000000000000000e+01
-2.950000000000000000e+01
-2.550000000000000000e+01
-2.550000000000000000e+01
-2.550000000000000000e+01
-1.006000000000000000e+03
-2.550000000000000000e+01
-2.550000000000000000e+01
-2.550000000000000000e+01
-3.250000000000000000e+01
-2.550000000000000000e+01
-2.950000000000000000e+01
-2.550000000000000000e+01
-2.550000000000000000e+01
-3.250000000000000000e+01
-2.550000000000000000e+01
-2.550000000000000000e+01
-3.650000000000000000e+01
-2.550000000000000000e+01
-2.550000000000000000e+01
-2.550000000000000000e+01
-2.950000000000000000e+01
-1.012000000000000000e+03
-2.550000000000000000e+01
-2.550000000000000000e+01
-2.550000000000000000e+01
-2.550000000000000000e+01
-2.550000000000000000e+01
-2.550000000000000000e+01
-3.250000000000000000e+01
-2.550000000000000000e+01
-2.550000000000000000e+01
-2.550000000000000000e+01
-9.990000000000000000e+02
-3.450000000000000000e+01
-2.550000000000000000e+01
-2.550000000000000000e+01
-2.550000000000000000e+01
-2.550000000000000000e+01
-2.550000000000000000e+01
-3.450000000000000000e+01
-2.550000000000000000e+01
-2.550000000000000000e+01
-2.550000000000000000e+01
-2.550000000000000000e+01
-2.950000000000000000e+01
-2.550000000000000000e+01
-2.550000000000000000e+01
-2.550000000000000000e+01
-3.050000000000000000e+01
-2.550000000000000000e+01
-3.050000000000000000e+01
-2.550000000000000000e+01
-2.550000000000000000e+01
-3.450000000000000000e+01
-2.550000000000000000e+01
-2.550000000000000000e+01
-2.550000000000000000e+01
-3.550000000000000000e+01
-2.550000000000000000e+01
-2.550000000000000000e+01
-2.550000000000000000e+01
-2.550000000000000000e+01
-2.550000000000000000e+01
-2.550000000000000000e+01
-2.550000000000000000e+01
-2.550000000000000000e+01
-1.006000000000000000e+03
-9.990000000000000000e+02
-2.550000000000000000e+01
-1.017000000000000000e+03
-2.550000000000000000e+01
-3.650000000000000000e+01
-2.550000000000000000e+01
-2.550000000000000000e+01
-2.550000000000000000e+01
-2.550000000000000000e+01
-9.990000000000000000e+02
-2.550000000000000000e+01
-2.550000000000000000e+01
-2.550000000000000000e+01
-2.550000000000000000e+01
-2.550000000000000000e+01
-2.550000000000000000e+01
-2.550000000000000000e+01
-2.550000000000000000e+01
-2.550000000000000000e+01
-2.550000000000000000e+01
-3.050000000000000000e+01
-3.650000000000000000e+01
-2.550000000000000000e+01
-2.550000000000000000e+01
-2.550000000000000000e+01
-2.550000000000000000e+01
-2.550000000000000000e+01
-2.550000000000000000e+01
-2.550000000000000000e+01
-2.550000000000000000e+01
-2.550000000000000000e+01
-2.550000000000000000e+01
-3.250000000000000000e+01
-2.550000000000000000e+01
-3.650000000000000000e+01
-2.550000000000000000e+01
-3.650000000000000000e+01
-2.550000000000000000e+01
-2.550000000000000000e+01
-2.550000000000000000e+01
-2.550000000000000000e+01
-4.150000000000000000e+01
-9.990000000000000000e+02
-1.021000000000000000e+03
-2.550000000000000000e+01
-2.550000000000000000e+01
-3.050000000000000000e+01
-2.550000000000000000e+01
-2.550000000000000000e+01
-2.950000000000000000e+01
-2.550000000000000000e+01
-2.950000000000000000e+01
-2.550000000000000000e+01
-2.550000000000000000e+01
-1.021000000000000000e+03
-2.950000000000000000e+01
-2.550000000000000000e+01
-2.550000000000000000e+01
-2.550000000000000000e+01
-2.550000000000000000e+01
-2.550000000000000000e+01
-2.550000000000000000e+01
-2.550000000000000000e+01
-1.017000000000000000e+03
-2.550000000000000000e+01
-2.550000000000000000e+01
-2.550000000000000000e+01
-2.550000000000000000e+01
-2.550000000000000000e+01
-2.550000000000000000e+01
-2.550000000000000000e+01
-2.550000000000000000e+01
-2.550000000000000000e+01
-3.750000000000000000e+01
-2.550000000000000000e+01
-2.550000000000000000e+01
-2.550000000000000000e+01
-2.550000000000000000e+01
-3.450000000000000000e+01
-2.550000000000000000e+01
-2.550000000000000000e+01
-2.550000000000000000e+01
-2.550000000000000000e+01
-2.550000000000000000e+01
-2.550000000000000000e+01
-2.550000000000000000e+01
-2.550000000000000000e+01
-2.550000000000000000e+01
-2.550000000000000000e+01
-1.012000000000000000e+03
-3.050000000000000000e+01
-2.550000000000000000e+01
-2.550000000000000000e+01
-2.550000000000000000e+01
-2.550000000000000000e+01
-3.850000000000000000e+01
-2.550000000000000000e+01
-3.250000000000000000e+01
-3.250000000000000000e+01
-3.450000000000000000e+01
-2.550000000000000000e+01
-2.550000000000000000e+01
-2.550000000000000000e+01
-3.250000000000000000e+01
-2.550000000000000000e+01
-2.550000000000000000e+01
-1.017000000000000000e+03
-3.050000000000000000e+01
-9.990000000000000000e+02
-3.050000000000000000e+01
-3.250000000000000000e+01
-2.550000000000000000e+01
-2.550000000000000000e+01
-2.550000000000000000e+01
-2.550000000000000000e+01
-2.550000000000000000e+01
-2.550000000000000000e+01
-2.550000000000000000e+01
-2.550000000000000000e+01
-2.550000000000000000e+01
-2.550000000000000000e+01
-2.550000000000000000e+01
-2.550000000000000000e+01
-2.550000000000000000e+01
-2.550000000000000000e+01
-2.550000000000000000e+01
-2.550000000000000000e+01
-2.950000000000000000e+01
-2.550000000000000000e+01
-3.050000000000000000e+01
-2.550000000000000000e+01
-2.550000000000000000e+01
-2.550000000000000000e+01
-2.550000000000000000e+01
-2.550000000000000000e+01
-2.550000000000000000e+01
-2.550000000000000000e+01
-2.550000000000000000e+01
-2.550000000000000000e+01
-2.550000000000000000e+01
-3.250000000000000000e+01
-3.050000000000000000e+01
-2.550000000000000000e+01
-2.550000000000000000e+01
-2.550000000000000000e+01
-3.650000000000000000e+01
-2.550000000000000000e+01
-2.550000000000000000e+01
-2.550000000000000000e+01
-3.450000000000000000e+01
-1.115000000000000000e+02
-2.550000000000000000e+01
-2.550000000000000000e+01
-2.550000000000000000e+01
-2.550000000000000000e+01
-2.550000000000000000e+01
-2.550000000000000000e+01
-3.050000000000000000e+01
-2.550000000000000000e+01
-2.550000000000000000e+01
-2.550000000000000000e+01
-2.550000000000000000e+01
-2.550000000000000000e+01
-2.550000000000000000e+01
-3.850000000000000000e+01
-2.550000000000000000e+01
-2.550000000000000000e+01
-2.550000000000000000e+01
-2.550000000000000000e+01
-2.550000000000000000e+01
-2.550000000000000000e+01
-2.550000000000000000e+01
-2.550000000000000000e+01
-2.550000000000000000e+01
-2.550000000000000000e+01
-2.550000000000000000e+01
-2.550000000000000000e+01
-2.550000000000000000e+01
-2.550000000000000000e+01
-2.550000000000000000e+01
-2.550000000000000000e+01
-2.550000000000000000e+01
-2.550000000000000000e+01
-1.006000000000000000e+03
-2.550000000000000000e+01
-2.550000000000000000e+01
-2.550000000000000000e+01
-2.550000000000000000e+01
-2.550000000000000000e+01
-2.550000000000000000e+01
-2.550000000000000000e+01
-2.550000000000000000e+01
-2.550000000000000000e+01
-2.550000000000000000e+01
-3.250000000000000000e+01
-2.550000000000000000e+01
-2.550000000000000000e+01
-2.550000000000000000e+01
-2.550000000000000000e+01
-2.550000000000000000e+01
-2.550000000000000000e+01
-2.550000000000000000e+01
-1.012000000000000000e+03
-2.550000000000000000e+01
-3.250000000000000000e+01
-2.550000000000000000e+01
-2.550000000000000000e+01
-2.550000000000000000e+01
-2.550000000000000000e+01
-2.550000000000000000e+01
-2.550000000000000000e+01
-2.550000000000000000e+01
-2.550000000000000000e+01
-2.550000000000000000e+01
-2.550000000000000000e+01
-2.550000000000000000e+01
-2.550000000000000000e+01
-9.990000000000000000e+02
-2.550000000000000000e+01
-2.550000000000000000e+01
-2.550000000000000000e+01
-2.550000000000000000e+01
-3.650000000000000000e+01
-2.550000000000000000e+01
-1.006000000000000000e+03
-2.550000000000000000e+01
-2.550000000000000000e+01
-2.550000000000000000e+01
-2.550000000000000000e+01
-2.550000000000000000e+01
-2.550000000000000000e+01
-2.550000000000000000e+01
-2.550000000000000000e+01
-2.550000000000000000e+01
-2.550000000000000000e+01
-2.550000000000000000e+01
-2.550000000000000000e+01
-2.550000000000000000e+01
-2.550000000000000000e+01
-2.550000000000000000e+01
-2.550000000000000000e+01
-2.550000000000000000e+01
-2.550000000000000000e+01
-2.550000000000000000e+01
-2.550000000000000000e+01
-2.550000000000000000e+01
-2.550000000000000000e+01
-2.550000000000000000e+01
-2.550000000000000000e+01
-2.550000000000000000e+01
-2.550000000000000000e+01
-2.550000000000000000e+01
-2.550000000000000000e+01
-2.550000000000000000e+01
-2.550000000000000000e+01
-2.550000000000000000e+01
-2.550000000000000000e+01
-2.950000000000000000e+01
-2.550000000000000000e+01
-2.550000000000000000e+01
-2.550000000000000000e+01
-2.550000000000000000e+01
-2.550000000000000000e+01
-2.550000000000000000e+01
-2.550000000000000000e+01
-2.550000000000000000e+01
-2.550000000000000000e+01
-2.550000000000000000e+01
-2.550000000000000000e+01
-2.550000000000000000e+01
-2.550000000000000000e+01
-2.550000000000000000e+01
-2.550000000000000000e+01
-2.550000000000000000e+01
-2.550000000000000000e+01
-2.550000000000000000e+01
-2.550000000000000000e+01
-2.550000000000000000e+01
-2.550000000000000000e+01
-2.550000000000000000e+01
-9.990000000000000000e+02
-2.550000000000000000e+01
-2.550000000000000000e+01
-2.550000000000000000e+01
-3.050000000000000000e+01
-2.550000000000000000e+01
-2.550000000000000000e+01
-2.550000000000000000e+01
-2.550000000000000000e+01
-3.250000000000000000e+01
-9.990000000000000000e+02
-2.550000000000000000e+01
-2.550000000000000000e+01
-2.550000000000000000e+01
-3.250000000000000000e+01
-2.550000000000000000e+01
-2.550000000000000000e+01
-2.550000000000000000e+01
-2.550000000000000000e+01
-2.550000000000000000e+01
-2.550000000000000000e+01
-2.550000000000000000e+01
-2.550000000000000000e+01
-9.990000000000000000e+02
-2.550000000000000000e+01
-2.550000000000000000e+01
-2.550000000000000000e+01
-2.550000000000000000e+01
-2.550000000000000000e+01
-2.550000000000000000e+01
-2.550000000000000000e+01
-2.550000000000000000e+01
-1.021000000000000000e+03
-2.550000000000000000e+01
-2.550000000000000000e+01
-2.550000000000000000e+01
-2.550000000000000000e+01
-2.550000000000000000e+01
-2.550000000000000000e+01
-2.550000000000000000e+01
-9.990000000000000000e+02
-2.550000000000000000e+01
-3.250000000000000000e+01
-2.550000000000000000e+01
-2.550000000000000000e+01
-2.550000000000000000e+01
-2.550000000000000000e+01
-2.550000000000000000e+01
-2.550000000000000000e+01
-1.012000000000000000e+03
-2.550000000000000000e+01
-3.250000000000000000e+01
-3.650000000000000000e+01
-2.550000000000000000e+01
-4.050000000000000000e+01
-2.550000000000000000e+01
-1.021000000000000000e+03
-2.550000000000000000e+01
-2.550000000000000000e+01
-2.550000000000000000e+01
-6.950000000000000000e+01
-2.550000000000000000e+01
-2.550000000000000000e+01
-1.017000000000000000e+03
-2.550000000000000000e+01
-2.550000000000000000e+01
-2.550000000000000000e+01
-2.550000000000000000e+01
-2.550000000000000000e+01
-2.550000000000000000e+01
-1.017000000000000000e+03
-2.550000000000000000e+01
-2.550000000000000000e+01
-2.550000000000000000e+01
-2.550000000000000000e+01
-2.550000000000000000e+01
-2.550000000000000000e+01
-2.550000000000000000e+01
-3.450000000000000000e+01
-3.850000000000000000e+01
-2.550000000000000000e+01
-2.550000000000000000e+01
-2.550000000000000000e+01
-9.990000000000000000e+02
-2.550000000000000000e+01
-2.550000000000000000e+01
-2.550000000000000000e+01
-2.550000000000000000e+01
-2.550000000000000000e+01
-2.550000000000000000e+01
-2.550000000000000000e+01
-2.550000000000000000e+01
-3.050000000000000000e+01
-2.550000000000000000e+01
-2.550000000000000000e+01
-2.550000000000000000e+01
-2.550000000000000000e+01
-2.550000000000000000e+01
-2.550000000000000000e+01
-2.550000000000000000e+01
-2.550000000000000000e+01
-2.550000000000000000e+01
-2.550000000000000000e+01
-2.550000000000000000e+01
-2.550000000000000000e+01
-2.550000000000000000e+01
-2.550000000000000000e+01
-2.550000000000000000e+01
-2.550000000000000000e+01
-2.550000000000000000e+01
-4.050000000000000000e+01
-2.550000000000000000e+01
-2.550000000000000000e+01
-2.550000000000000000e+01
-1.012000000000000000e+03
-2.550000000000000000e+01
-2.550000000000000000e+01
-2.550000000000000000e+01
-2.550000000000000000e+01
-2.550000000000000000e+01
-2.550000000000000000e+01
-2.550000000000000000e+01
-2.550000000000000000e+01
-2.550000000000000000e+01
-2.550000000000000000e+01
-2.550000000000000000e+01
-2.550000000000000000e+01
-2.550000000000000000e+01
-2.550000000000000000e+01
-3.050000000000000000e+01
-2.550000000000000000e+01
-2.550000000000000000e+01
-1.017000000000000000e+03
-2.550000000000000000e+01
-2.550000000000000000e+01
-2.550000000000000000e+01
-2.550000000000000000e+01
-3.050000000000000000e+01
-2.550000000000000000e+01
-2.550000000000000000e+01
-2.950000000000000000e+01
-2.550000000000000000e+01
-2.550000000000000000e+01
-2.550000000000000000e+01
-2.550000000000000000e+01
-2.550000000000000000e+01
-2.550000000000000000e+01
-2.550000000000000000e+01
-2.550000000000000000e+01
-2.550000000000000000e+01
-2.550000000000000000e+01
-9.990000000000000000e+02
-2.550000000000000000e+01
-2.550000000000000000e+01
-2.550000000000000000e+01
-2.550000000000000000e+01
-2.550000000000000000e+01
-2.550000000000000000e+01
-2.550000000000000000e+01
-2.550000000000000000e+01
-2.550000000000000000e+01
-2.550000000000000000e+01
-3.450000000000000000e+01
-2.550000000000000000e+01
-2.550000000000000000e+01
-2.550000000000000000e+01
-2.550000000000000000e+01
-2.950000000000000000e+01
-2.550000000000000000e+01
-2.550000000000000000e+01
-2.550000000000000000e+01
-2.550000000000000000e+01
-2.950000000000000000e+01
-2.550000000000000000e+01
-2.550000000000000000e+01
-2.550000000000000000e+01
-2.550000000000000000e+01
-2.550000000000000000e+01
-2.550000000000000000e+01
-2.550000000000000000e+01
-2.550000000000000000e+01
-2.550000000000000000e+01
-2.550000000000000000e+01
-2.550000000000000000e+01
-2.550000000000000000e+01
-2.950000000000000000e+01
-2.550000000000000000e+01
-2.550000000000000000e+01
-2.550000000000000000e+01
-2.550000000000000000e+01
-2.950000000000000000e+01
-1.012000000000000000e+03
-2.550000000000000000e+01
-2.550000000000000000e+01
-2.550000000000000000e+01
-2.550000000000000000e+01
-2.550000000000000000e+01
-2.550000000000000000e+01
-2.550000000000000000e+01
-2.550000000000000000e+01
-2.550000000000000000e+01
-2.550000000000000000e+01
-2.550000000000000000e+01
-2.550000000000000000e+01
-2.550000000000000000e+01
-2.550000000000000000e+01
-2.550000000000000000e+01
-3.250000000000000000e+01
-2.550000000000000000e+01
-2.550000000000000000e+01
-2.550000000000000000e+01
-2.550000000000000000e+01
-2.950000000000000000e+01
-2.550000000000000000e+01
-2.550000000000000000e+01
-2.550000000000000000e+01
-2.550000000000000000e+01
-2.550000000000000000e+01
-2.550000000000000000e+01
-2.550000000000000000e+01
-2.550000000000000000e+01
-2.550000000000000000e+01
-2.550000000000000000e+01
-2.550000000000000000e+01
-2.550000000000000000e+01
-2.550000000000000000e+01
-2.550000000000000000e+01
-2.550000000000000000e+01
-2.550000000000000000e+01
-2.550000000000000000e+01
-2.550000000000000000e+01
-2.550000000000000000e+01
-3.850000000000000000e+01
-2.550000000000000000e+01
-2.550000000000000000e+01
-2.550000000000000000e+01
-2.550000000000000000e+01
-2.550000000000000000e+01
-2.550000000000000000e+01
-2.550000000000000000e+01
-2.550000000000000000e+01
-2.550000000000000000e+01
-2.550000000000000000e+01
-2.550000000000000000e+01
-2.550000000000000000e+01
-2.550000000000000000e+01
-2.550000000000000000e+01
-2.550000000000000000e+01
-2.550000000000000000e+01
-2.550000000000000000e+01
-2.550000000000000000e+01
-2.550000000000000000e+01
-2.550000000000000000e+01
-2.550000000000000000e+01
-2.550000000000000000e+01
-2.550000000000000000e+01
-2.550000000000000000e+01
-2.550000000000000000e+01
-2.550000000000000000e+01
-2.550000000000000000e+01
-2.550000000000000000e+01
-3.650000000000000000e+01
-3.250000000000000000e+01
-2.550000000000000000e+01
-2.550000000000000000e+01
-3.250000000000000000e+01
-2.550000000000000000e+01
-2.550000000000000000e+01
-3.050000000000000000e+01
-2.550000000000000000e+01
-9.990000000000000000e+02
-2.550000000000000000e+01
-2.550000000000000000e+01
-2.550000000000000000e+01
-2.550000000000000000e+01
-2.550000000000000000e+01
-2.550000000000000000e+01
-4.050000000000000000e+01
-2.550000000000000000e+01
-2.550000000000000000e+01
-2.550000000000000000e+01
-2.550000000000000000e+01
-2.550000000000000000e+01
-2.550000000000000000e+01
-2.550000000000000000e+01
-2.550000000000000000e+01
-2.550000000000000000e+01
-2.550000000000000000e+01
-2.550000000000000000e+01
-1.017000000000000000e+03
-2.550000000000000000e+01
-2.550000000000000000e+01
-2.550000000000000000e+01
-2.550000000000000000e+01
-2.550000000000000000e+01
-2.550000000000000000e+01
-2.550000000000000000e+01
-2.550000000000000000e+01
-2.550000000000000000e+01
-2.550000000000000000e+01
-2.550000000000000000e+01
-2.550000000000000000e+01
-3.850000000000000000e+01
-3.050000000000000000e+01
-2.550000000000000000e+01
-2.550000000000000000e+01
-2.550000000000000000e+01
-2.550000000000000000e+01
-1.012000000000000000e+03
-2.550000000000000000e+01
-2.550000000000000000e+01
-2.550000000000000000e+01
-2.550000000000000000e+01
-2.550000000000000000e+01
-2.550000000000000000e+01
-2.550000000000000000e+01
-2.550000000000000000e+01
-2.550000000000000000e+01
-2.550000000000000000e+01
-2.550000000000000000e+01
-2.550000000000000000e+01
-2.550000000000000000e+01
-2.550000000000000000e+01
-2.550000000000000000e+01
-3.650000000000000000e+01
-3.850000000000000000e+01
-2.550000000000000000e+01
-2.550000000000000000e+01
-2.550000000000000000e+01
-2.550000000000000000e+01
-2.550000000000000000e+01
-2.550000000000000000e+01
-2.550000000000000000e+01
-2.550000000000000000e+01
-2.550000000000000000e+01
-2.550000000000000000e+01
-2.550000000000000000e+01
-2.550000000000000000e+01
-2.550000000000000000e+01
-2.550000000000000000e+01
-2.550000000000000000e+01
-2.550000000000000000e+01
-2.550000000000000000e+01
-2.550000000000000000e+01
-2.550000000000000000e+01
-2.550000000000000000e+01
-2.550000000000000000e+01
-2.550000000000000000e+01
-2.550000000000000000e+01
-2.550000000000000000e+01
-2.550000000000000000e+01
-2.550000000000000000e+01
-9.990000000000000000e+02
-2.550000000000000000e+01
-2.550000000000000000e+01
-2.550000000000000000e+01
-2.550000000000000000e+01
-2.550000000000000000e+01
-2.550000000000000000e+01
-3.850000000000000000e+01
-2.550000000000000000e+01
-2.550000000000000000e+01
-2.550000000000000000e+01
-2.550000000000000000e+01
-2.550000000000000000e+01
-2.550000000000000000e+01
-2.550000000000000000e+01
-2.550000000000000000e+01
-2.550000000000000000e+01
-2.550000000000000000e+01
-2.550000000000000000e+01
-2.550000000000000000e+01
-2.550000000000000000e+01
-2.550000000000000000e+01
-2.550000000000000000e+01
-2.550000000000000000e+01
-2.550000000000000000e+01
-2.550000000000000000e+01
-2.550000000000000000e+01
-2.550000000000000000e+01
-2.550000000000000000e+01
-2.550000000000000000e+01
-1.017000000000000000e+03
-2.550000000000000000e+01
-2.550000000000000000e+01
-2.550000000000000000e+01
-2.550000000000000000e+01
-2.550000000000000000e+01
-2.550000000000000000e+01
-2.550000000000000000e+01
-2.550000000000000000e+01
-2.550000000000000000e+01
-2.550000000000000000e+01
-2.550000000000000000e+01
-2.550000000000000000e+01
-2.550000000000000000e+01
-2.550000000000000000e+01
-2.550000000000000000e+01
-2.550000000000000000e+01
-2.550000000000000000e+01
-2.550000000000000000e+01
-2.550000000000000000e+01
-2.550000000000000000e+01
-2.550000000000000000e+01
-2.550000000000000000e+01
-2.550000000000000000e+01
-2.550000000000000000e+01
-2.550000000000000000e+01
-2.550000000000000000e+01
-2.550000000000000000e+01
-2.550000000000000000e+01
-2.550000000000000000e+01
-2.550000000000000000e+01
-2.550000000000000000e+01
-2.550000000000000000e+01
-2.550000000000000000e+01
-2.550000000000000000e+01
-2.550000000000000000e+01
-2.550000000000000000e+01
-2.550000000000000000e+01
-3.050000000000000000e+01
-2.550000000000000000e+01
-2.550000000000000000e+01
-2.550000000000000000e+01
-2.550000000000000000e+01
-2.550000000000000000e+01
-2.550000000000000000e+01
-2.550000000000000000e+01
-2.550000000000000000e+01
-2.550000000000000000e+01
-2.550000000000000000e+01
-2.550000000000000000e+01
-2.550000000000000000e+01
-2.550000000000000000e+01
-2.550000000000000000e+01
-2.550000000000000000e+01
-2.550000000000000000e+01
-2.550000000000000000e+01
-2.550000000000000000e+01
-2.550000000000000000e+01
-2.550000000000000000e+01
-2.550000000000000000e+01
-2.550000000000000000e+01
-2.550000000000000000e+01
-2.550000000000000000e+01
-2.550000000000000000e+01
-2.550000000000000000e+01
-3.250000000000000000e+01
-2.550000000000000000e+01
-2.550000000000000000e+01
-2.550000000000000000e+01
-2.550000000000000000e+01
-2.550000000000000000e+01
-2.550000000000000000e+01
-2.550000000000000000e+01
-2.550000000000000000e+01
-2.550000000000000000e+01
-2.550000000000000000e+01
-2.550000000000000000e+01
-2.550000000000000000e+01
-2.550000000000000000e+01
-2.550000000000000000e+01
-2.550000000000000000e+01
-2.550000000000000000e+01
-2.550000000000000000e+01
-2.550000000000000000e+01
-2.950000000000000000e+01
-2.550000000000000000e+01
-2.550000000000000000e+01
-2.550000000000000000e+01
-2.550000000000000000e+01
-2.550000000000000000e+01
-2.550000000000000000e+01
-2.550000000000000000e+01
-2.550000000000000000e+01
-2.550000000000000000e+01
-2.550000000000000000e+01
-2.550000000000000000e+01
-2.550000000000000000e+01
-2.550000000000000000e+01
-2.550000000000000000e+01
-2.550000000000000000e+01
-2.550000000000000000e+01
-2.550000000000000000e+01
-2.550000000000000000e+01
-2.550000000000000000e+01
-2.550000000000000000e+01
-2.550000000000000000e+01
-2.550000000000000000e+01
-2.550000000000000000e+01
-2.550000000000000000e+01
-2.550000000000000000e+01
-2.550000000000000000e+01
-2.550000000000000000e+01
-2.550000000000000000e+01
-2.550000000000000000e+01
-2.550000000000000000e+01
-2.550000000000000000e+01
-2.550000000000000000e+01
-2.550000000000000000e+01
-2.550000000000000000e+01
-2.550000000000000000e+01
-2.550000000000000000e+01
-2.550000000000000000e+01
-2.550000000000000000e+01
-2.550000000000000000e+01
-2.550000000000000000e+01
-2.550000000000000000e+01
-2.550000000000000000e+01
-2.550000000000000000e+01
-2.550000000000000000e+01
-2.550000000000000000e+01
-2.550000000000000000e+01
-2.550000000000000000e+01
-2.550000000000000000e+01
-2.550000000000000000e+01
-2.550000000000000000e+01
-2.550000000000000000e+01
-2.550000000000000000e+01
-2.550000000000000000e+01
-2.550000000000000000e+01
-2.550000000000000000e+01
-2.550000000000000000e+01
-2.550000000000000000e+01
-2.550000000000000000e+01
-2.550000000000000000e+01
-2.550000000000000000e+01
-2.950000000000000000e+01
-2.550000000000000000e+01
-2.550000000000000000e+01
-2.550000000000000000e+01
-2.550000000000000000e+01
-2.550000000000000000e+01
-2.550000000000000000e+01
-2.550000000000000000e+01
-2.550000000000000000e+01
-2.550000000000000000e+01
-2.550000000000000000e+01
-2.550000000000000000e+01
-2.550000000000000000e+01
-2.550000000000000000e+01
-2.550000000000000000e+01
-2.550000000000000000e+01
-2.550000000000000000e+01
-2.550000000000000000e+01
-2.550000000000000000e+01
-2.550000000000000000e+01
-2.550000000000000000e+01
-2.550000000000000000e+01
-2.550000000000000000e+01
-2.550000000000000000e+01
-2.550000000000000000e+01
-2.550000000000000000e+01
-2.550000000000000000e+01
-2.550000000000000000e+01
-2.550000000000000000e+01
-2.550000000000000000e+01
-2.550000000000000000e+01
-2.550000000000000000e+01
-2.550000000000000000e+01
-2.550000000000000000e+01
-2.550000000000000000e+01
-2.550000000000000000e+01
-2.550000000000000000e+01
-2.550000000000000000e+01
-2.550000000000000000e+01
-2.550000000000000000e+01
-2.550000000000000000e+01
-2.550000000000000000e+01
-2.550000000000000000e+01
-2.550000000000000000e+01
-2.550000000000000000e+01
-2.550000000000000000e+01
-2.550000000000000000e+01
-2.550000000000000000e+01
-2.550000000000000000e+01
-2.550000000000000000e+01
-2.550000000000000000e+01
-2.550000000000000000e+01
-2.550000000000000000e+01
-2.550000000000000000e+01
-2.550000000000000000e+01
-2.550000000000000000e+01
-2.550000000000000000e+01
-2.550000000000000000e+01
-2.550000000000000000e+01
-2.550000000000000000e+01
-2.550000000000000000e+01
-2.550000000000000000e+01
-2.550000000000000000e+01
-2.550000000000000000e+01
-2.550000000000000000e+01
-2.550000000000000000e+01
-2.550000000000000000e+01
-2.550000000000000000e+01
-2.550000000000000000e+01
-2.550000000000000000e+01
-2.550000000000000000e+01
-2.550000000000000000e+01
-2.550000000000000000e+01
-2.550000000000000000e+01
-2.550000000000000000e+01
-2.550000000000000000e+01
-2.550000000000000000e+01
-2.550000000000000000e+01
-2.550000000000000000e+01
-2.550000000000000000e+01
-2.550000000000000000e+01
-2.550000000000000000e+01
-2.550000000000000000e+01
-2.550000000000000000e+01
-2.550000000000000000e+01
-2.550000000000000000e+01
-2.550000000000000000e+01
-2.550000000000000000e+01
-2.550000000000000000e+01
-2.550000000000000000e+01
-2.550000000000000000e+01
-2.550000000000000000e+01
-2.550000000000000000e+01
-2.550000000000000000e+01
-2.550000000000000000e+01
-2.550000000000000000e+01
-2.550000000000000000e+01
-2.550000000000000000e+01
-2.550000000000000000e+01
-2.550000000000000000e+01
-2.550000000000000000e+01
-2.550000000000000000e+01
-2.550000000000000000e+01
-2.550000000000000000e+01
-2.550000000000000000e+01
-2.550000000000000000e+01
-2.550000000000000000e+01
-2.550000000000000000e+01
-2.550000000000000000e+01
-2.550000000000000000e+01
-2.550000000000000000e+01
-2.550000000000000000e+01
-2.550000000000000000e+01
-2.550000000000000000e+01
-2.550000000000000000e+01
-2.550000000000000000e+01
-2.550000000000000000e+01
-2.550000000000000000e+01
-2.550000000000000000e+01
-2.550000000000000000e+01
-2.550000000000000000e+01
-2.550000000000000000e+01
-2.550000000000000000e+01
-2.550000000000000000e+01
-2.550000000000000000e+01
-2.550000000000000000e+01
-2.550000000000000000e+01
-2.550000000000000000e+01
-2.550000000000000000e+01
-2.550000000000000000e+01
-2.550000000000000000e+01
-2.550000000000000000e+01
-2.550000000000000000e+01
-2.550000000000000000e+01
-2.550000000000000000e+01
-2.550000000000000000e+01
-2.550000000000000000e+01
-2.550000000000000000e+01
-2.550000000000000000e+01
-2.550000000000000000e+01
-2.550000000000000000e+01
-2.550000000000000000e+01
-2.550000000000000000e+01
-2.550000000000000000e+01
-2.550000000000000000e+01
-2.550000000000000000e+01
-2.550000000000000000e+01
-2.550000000000000000e+01
-2.550000000000000000e+01
-2.550000000000000000e+01
-2.550000000000000000e+01
-2.550000000000000000e+01
-2.550000000000000000e+01
-2.550000000000000000e+01
-2.550000000000000000e+01
-2.550000000000000000e+01
-2.550000000000000000e+01
-2.550000000000000000e+01
-2.550000000000000000e+01
-2.550000000000000000e+01
-2.550000000000000000e+01
-2.550000000000000000e+01
-2.550000000000000000e+01
-2.550000000000000000e+01
-2.550000000000000000e+01
-2.550000000000000000e+01
-2.550000000000000000e+01
-2.550000000000000000e+01
-2.550000000000000000e+01
-2.550000000000000000e+01
-2.550000000000000000e+01
-2.550000000000000000e+01
-2.550000000000000000e+01
-2.550000000000000000e+01
-2.550000000000000000e+01
-2.550000000000000000e+01
-2.550000000000000000e+01
-2.550000000000000000e+01
-2.550000000000000000e+01
-2.550000000000000000e+01
-2.550000000000000000e+01
-2.550000000000000000e+01
-2.550000000000000000e+01
-2.550000000000000000e+01
-2.550000000000000000e+01
-2.550000000000000000e+01
-2.550000000000000000e+01
-2.550000000000000000e+01
-2.550000000000000000e+01
-2.550000000000000000e+01
-2.550000000000000000e+01
-2.550000000000000000e+01
-2.550000000000000000e+01
-2.550000000000000000e+01
-2.550000000000000000e+01
-2.550000000000000000e+01
-2.550000000000000000e+01
-2.550000000000000000e+01
-2.550000000000000000e+01
-2.550000000000000000e+01
-2.550000000000000000e+01
-2.550000000000000000e+01
-2.550000000000000000e+01
-2.550000000000000000e+01
-2.550000000000000000e+01
-2.550000000000000000e+01
-2.550000000000000000e+01
-2.550000000000000000e+01
-2.550000000000000000e+01
-2.550000000000000000e+01
-2.550000000000000000e+01
-2.550000000000000000e+01
-2.550000000000000000e+01
-2.550000000000000000e+01
-2.550000000000000000e+01
-2.550000000000000000e+01
-2.550000000000000000e+01
-2.550000000000000000e+01
-2.550000000000000000e+01
-2.550000000000000000e+01
-2.550000000000000000e+01
-2.550000000000000000e+01
-2.550000000000000000e+01
-2.550000000000000000e+01
-2.550000000000000000e+01
-2.550000000000000000e+01
-2.550000000000000000e+01
-2.550000000000000000e+01
-2.550000000000000000e+01
-2.550000000000000000e+01
-2.550000000000000000e+01
-2.550000000000000000e+01
-2.550000000000000000e+01
-2.550000000000000000e+01
-2.550000000000000000e+01
-2.550000000000000000e+01
-2.550000000000000000e+01
-2.550000000000000000e+01
-2.550000000000000000e+01
-2.550000000000000000e+01
-2.550000000000000000e+01
-2.550000000000000000e+01
-2.550000000000000000e+01
-2.550000000000000000e+01
-2.550000000000000000e+01
-2.550000000000000000e+01
-2.550000000000000000e+01
-2.550000000000000000e+01
-2.550000000000000000e+01
-2.550000000000000000e+01
-2.550000000000000000e+01
-2.550000000000000000e+01
-2.550000000000000000e+01
-2.550000000000000000e+01
-2.550000000000000000e+01
-2.550000000000000000e+01
-2.550000000000000000e+01
-2.550000000000000000e+01
-2.550000000000000000e+01
-2.550000000000000000e+01
-2.550000000000000000e+01
-2.550000000000000000e+01
-2.550000000000000000e+01
-2.550000000000000000e+01
-2.550000000000000000e+01
-2.550000000000000000e+01
-2.550000000000000000e+01
-2.550000000000000000e+01
-2.550000000000000000e+01
-2.550000000000000000e+01
-2.550000000000000000e+01
-2.550000000000000000e+01
-2.550000000000000000e+01
-2.550000000000000000e+01
-2.550000000000000000e+01
-2.550000000000000000e+01
-2.550000000000000000e+01
-2.550000000000000000e+01
-2.550000000000000000e+01
-2.550000000000000000e+01
-2.550000000000000000e+01
-2.550000000000000000e+01
-2.550000000000000000e+01
-2.550000000000000000e+01
-2.550000000000000000e+01
-2.550000000000000000e+01
-2.550000000000000000e+01
-2.550000000000000000e+01
-2.550000000000000000e+01
-2.550000000000000000e+01
-2.550000000000000000e+01
-2.550000000000000000e+01
-2.550000000000000000e+01
-2.550000000000000000e+01
-2.550000000000000000e+01
-2.550000000000000000e+01
-2.550000000000000000e+01
-2.550000000000000000e+01
-2.550000000000000000e+01
-2.550000000000000000e+01
-2.550000000000000000e+01
-2.550000000000000000e+01
-2.550000000000000000e+01
-2.550000000000000000e+01
-2.550000000000000000e+01
-2.550000000000000000e+01
-2.550000000000000000e+01
-2.550000000000000000e+01
-2.550000000000000000e+01
-2.550000000000000000e+01
-2.550000000000000000e+01
-2.550000000000000000e+01
-2.550000000000000000e+01
-2.550000000000000000e+01
-2.550000000000000000e+01
-2.550000000000000000e+01
-2.550000000000000000e+01
-2.550000000000000000e+01
-2.550000000000000000e+01
-2.550000000000000000e+01
-2.550000000000000000e+01
-2.550000000000000000e+01
-2.550000000000000000e+01
-2.550000000000000000e+01
-2.550000000000000000e+01
-2.550000000000000000e+01
-2.550000000000000000e+01
-2.550000000000000000e+01
-2.550000000000000000e+01
-2.550000000000000000e+01
-2.550000000000000000e+01
-2.550000000000000000e+01
-2.550000000000000000e+01
-2.550000000000000000e+01
-2.550000000000000000e+01
-2.550000000000000000e+01
-2.550000000000000000e+01
-2.550000000000000000e+01
-2.550000000000000000e+01
-2.550000000000000000e+01
-2.550000000000000000e+01
-2.550000000000000000e+01
-2.550000000000000000e+01
-2.550000000000000000e+01
-2.550000000000000000e+01
-2.550000000000000000e+01
-2.550000000000000000e+01
-2.550000000000000000e+01
-2.550000000000000000e+01
-2.550000000000000000e+01
-2.550000000000000000e+01
-2.550000000000000000e+01
-2.550000000000000000e+01
-2.550000000000000000e+01
-2.550000000000000000e+01
-2.550000000000000000e+01
-2.550000000000000000e+01
-2.550000000000000000e+01
-2.550000000000000000e+01
-2.550000000000000000e+01
-2.550000000000000000e+01
-2.550000000000000000e+01
-2.550000000000000000e+01
-2.550000000000000000e+01
-2.550000000000000000e+01
-2.550000000000000000e+01
-2.550000000000000000e+01
-2.550000000000000000e+01
-2.550000000000000000e+01
-2.550000000000000000e+01
-2.550000000000000000e+01
-2.550000000000000000e+01
-2.550000000000000000e+01
-2.550000000000000000e+01
-2.550000000000000000e+01
-2.550000000000000000e+01
-2.550000000000000000e+01
-2.550000000000000000e+01
-2.550000000000000000e+01
-2.550000000000000000e+01
-2.550000000000000000e+01
-2.550000000000000000e+01
-2.550000000000000000e+01
-2.550000000000000000e+01
-2.550000000000000000e+01
-2.550000000000000000e+01
-2.550000000000000000e+01
-2.550000000000000000e+01
-2.550000000000000000e+01
-2.550000000000000000e+01
-2.550000000000000000e+01
-2.550000000000000000e+01
-2.550000000000000000e+01
-2.550000000000000000e+01
-2.550000000000000000e+01
-2.550000000000000000e+01
-2.550000000000000000e+01
-2.550000000000000000e+01
-2.550000000000000000e+01
-2.550000000000000000e+01
-2.550000000000000000e+01
-2.550000000000000000e+01
-2.550000000000000000e+01
-2.550000000000000000e+01
-2.550000000000000000e+01
-2.550000000000000000e+01
-2.550000000000000000e+01
-2.550000000000000000e+01
-2.550000000000000000e+01
-2.550000000000000000e+01
-2.550000000000000000e+01
-2.550000000000000000e+01
-2.550000000000000000e+01
-2.550000000000000000e+01
-2.550000000000000000e+01
-2.550000000000000000e+01
-2.550000000000000000e+01
-2.550000000000000000e+01
-2.550000000000000000e+01
-2.550000000000000000e+01
-2.550000000000000000e+01
-2.550000000000000000e+01
-2.550000000000000000e+01
-2.550000000000000000e+01
-2.550000000000000000e+01
-2.550000000000000000e+01
-2.550000000000000000e+01
-2.550000000000000000e+01
-2.550000000000000000e+01
-2.550000000000000000e+01
-2.550000000000000000e+01
-2.550000000000000000e+01
-2.550000000000000000e+01
-2.550000000000000000e+01
-2.550000000000000000e+01
-2.550000000000000000e+01
-2.550000000000000000e+01
-2.550000000000000000e+01
-2.550000000000000000e+01
-2.550000000000000000e+01
-2.550000000000000000e+01
-2.550000000000000000e+01
-2.550000000000000000e+01
-2.550000000000000000e+01
-2.550000000000000000e+01
-2.550000000000000000e+01
-2.550000000000000000e+01
-2.550000000000000000e+01
-2.550000000000000000e+01
-2.550000000000000000e+01
-2.550000000000000000e+01
-2.550000000000000000e+01
-2.550000000000000000e+01
-2.550000000000000000e+01
-2.550000000000000000e+01
-2.550000000000000000e+01
-2.550000000000000000e+01
-2.550000000000000000e+01
-2.550000000000000000e+01
-2.550000000000000000e+01
-2.550000000000000000e+01
-2.550000000000000000e+01
-2.550000000000000000e+01
-2.550000000000000000e+01
-2.550000000000000000e+01
-2.550000000000000000e+01
-2.550000000000000000e+01
-2.550000000000000000e+01
-2.550000000000000000e+01
-2.550000000000000000e+01
-2.550000000000000000e+01
-2.550000000000000000e+01
-2.550000000000000000e+01
-2.550000000000000000e+01
-2.550000000000000000e+01
-2.550000000000000000e+01
-2.550000000000000000e+01
-2.550000000000000000e+01
-2.550000000000000000e+01
-2.550000000000000000e+01
-2.550000000000000000e+01
-2.550000000000000000e+01
-2.550000000000000000e+01
-2.550000000000000000e+01
-2.550000000000000000e+01
-2.550000000000000000e+01
-2.550000000000000000e+01
-2.550000000000000000e+01
-2.550000000000000000e+01
-2.550000000000000000e+01
-2.550000000000000000e+01
-2.550000000000000000e+01
-2.550000000000000000e+01
-2.550000000000000000e+01
-2.550000000000000000e+01
-2.550000000000000000e+01
-2.550000000000000000e+01
-2.550000000000000000e+01
-2.550000000000000000e+01
-2.550000000000000000e+01
-2.550000000000000000e+01
-2.550000000000000000e+01
-2.550000000000000000e+01
-2.550000000000000000e+01
-2.550000000000000000e+01
-2.550000000000000000e+01
-2.550000000000000000e+01
-2.550000000000000000e+01
-2.550000000000000000e+01
-2.550000000000000000e+01
-2.550000000000000000e+01
-2.550000000000000000e+01
-2.550000000000000000e+01
-2.550000000000000000e+01
-2.550000000000000000e+01
-2.550000000000000000e+01
-2.550000000000000000e+01
-2.550000000000000000e+01
-2.550000000000000000e+01
-2.550000000000000000e+01
-2.550000000000000000e+01
-2.550000000000000000e+01
-2.550000000000000000e+01
-2.550000000000000000e+01
-2.550000000000000000e+01
-2.550000000000000000e+01
-2.550000000000000000e+01
-2.550000000000000000e+01
-2.550000000000000000e+01
-2.550000000000000000e+01
-2.550000000000000000e+01
-2.550000000000000000e+01
-2.550000000000000000e+01
-2.550000000000000000e+01
-2.550000000000000000e+01
-2.550000000000000000e+01
-2.550000000000000000e+01
-2.550000000000000000e+01
-2.550000000000000000e+01
-2.550000000000000000e+01
-2.550000000000000000e+01
-2.550000000000000000e+01
-2.550000000000000000e+01
-2.550000000000000000e+01
-2.550000000000000000e+01
-2.550000000000000000e+01
-2.550000000000000000e+01
-2.550000000000000000e+01
-2.550000000000000000e+01
-2.550000000000000000e+01
-2.550000000000000000e+01
-2.550000000000000000e+01
-2.550000000000000000e+01
-2.550000000000000000e+01
-2.550000000000000000e+01
-2.550000000000000000e+01
-2.550000000000000000e+01
-2.550000000000000000e+01
-2.550000000000000000e+01
-2.550000000000000000e+01
-2.550000000000000000e+01
-2.550000000000000000e+01
-2.550000000000000000e+01
-2.550000000000000000e+01
-2.550000000000000000e+01
-2.550000000000000000e+01
-2.550000000000000000e+01
-2.550000000000000000e+01
-2.550000000000000000e+01
-2.550000000000000000e+01
-2.550000000000000000e+01
-2.550000000000000000e+01
-2.550000000000000000e+01
-2.550000000000000000e+01
-2.550000000000000000e+01
-2.550000000000000000e+01
-2.550000000000000000e+01
-2.550000000000000000e+01
-2.550000000000000000e+01
-2.550000000000000000e+01
-2.550000000000000000e+01
-2.550000000000000000e+01
-2.550000000000000000e+01
-2.550000000000000000e+01
-2.550000000000000000e+01
-2.550000000000000000e+01
-2.550000000000000000e+01
-2.550000000000000000e+01
