-1.016000000000000000e+03
-9.990000000000000000e+02
-1.009500000000000000e+03
-1.037500000000000000e+03
-1.035500000000000000e+03
-9.990000000000000000e+02
-1.007000000000000000e+03
-1.018500000000000000e+03
-1.072500000000000000e+03
-9.990000000000000000e+02
-1.033500000000000000e+03
-1.024500000000000000e+03
-1.026500000000000000e+03
-1.035500000000000000e+03
-1.030500000000000000e+03
-1.014000000000000000e+03
-1.014000000000000000e+03
-1.041500000000000000e+03
-1.028500000000000000e+03
-1.042500000000000000e+03
-1.016500000000000000e+03
-1.044500000000000000e+03
-9.990000000000000000e+02
-1.058500000000000000e+03
-1.048000000000000000e+03
-1.052500000000000000e+03
-1.080500000000000000e+03
-1.066500000000000000e+03
-1.036000000000000000e+03
-1.033500000000000000e+03
-1.055500000000000000e+03
-1.031500000000000000e+03
-1.016500000000000000e+03
-1.007000000000000000e+03
-1.022500000000000000e+03
-1.048500000000000000e+03
-1.035500000000000000e+03
-1.022000000000000000e+03
-1.018500000000000000e+03
-1.028500000000000000e+03
-1.035500000000000000e+03
-1.091500000000000000e+03
-1.077000000000000000e+03
-1.059500000000000000e+03
-1.076500000000000000e+03
-1.040500000000000000e+03
-1.088500000000000000e+03
-1.037500000000000000e+03
-9.990000000000000000e+02
-1.079500000000000000e+03
-1.018500000000000000e+03
-1.081500000000000000e+03
-1.077500000000000000e+03
-1.064500000000000000e+03
-1.068500000000000000e+03
-1.105500000000000000e+03
-1.016500000000000000e+03
-1.081500000000000000e+03
-1.052500000000000000e+03
-1.041500000000000000e+03
-1.096500000000000000e+03
-1.055500000000000000e+03
-1.038500000000000000e+03
-1.095500000000000000e+03
-1.111500000000000000e+03
-1.156500000000000000e+03
-1.055500000000000000e+03
-1.071500000000000000e+03
-1.038500000000000000e+03
-1.041500000000000000e+03
-1.034500000000000000e+03
-1.154500000000000000e+03
-1.046500000000000000e+03
-1.128500000000000000e+03
-1.082500000000000000e+03
-1.070500000000000000e+03
-1.009500000000000000e+03
-1.233500000000000000e+03
-1.053500000000000000e+03
-1.080500000000000000e+03
-1.257500000000000000e+03
-1.040500000000000000e+03
-1.095500000000000000e+03
-1.115500000000000000e+03
-1.099500000000000000e+03
-1.096500000000000000e+03
-9.990000000000000000e+02
-1.060500000000000000e+03
-1.025000000000000000e+02
-1.031500000000000000e+03
-1.065000000000000000e+02
-9.990000000000000000e+02
-1.059500000000000000e+03
-1.146500000000000000e+03
-1.605000000000000000e+02
-1.007000000000000000e+03
-1.155000000000000000e+02
-1.201500000000000000e+03
-1.071500000000000000e+03
-9.990000000000000000e+02
-4.850000000000000000e+01
-7.150000000000000000e+01
-1.063500000000000000e+03
-9.450000000000000000e+01
-9.990000000000000000e+02
-1.007000000000000000e+03
-1.138500000000000000e+03
-1.042500000000000000e+03
-7.750000000000000000e+01
-1.137500000000000000e+03
-9.990000000000000000e+02
-7.650000000000000000e+01
-4.650000000000000000e+01
-7.150000000000000000e+01
-1.038000000000000000e+03
-1.355000000000000000e+02
-9.550000000000000000e+01
-9.990000000000000000e+02
-1.009500000000000000e+03
-1.015000000000000000e+02
-6.150000000000000000e+01
-1.085500000000000000e+03
-1.415000000000000000e+02
-6.850000000000000000e+01
-5.250000000000000000e+01
-1.495000000000000000e+02
-7.850000000000000000e+01
-1.605000000000000000e+02
-7.750000000000000000e+01
-4.650000000000000000e+01
-9.650000000000000000e+01
-1.040500000000000000e+03
-3.750000000000000000e+01
-9.990000000000000000e+02
-5.350000000000000000e+01
-1.099500000000000000e+03
-1.018500000000000000e+03
-9.850000000000000000e+01
-9.990000000000000000e+02
-1.031500000000000000e+03
-1.055000000000000000e+02
-4.650000000000000000e+01
-1.067500000000000000e+03
-5.350000000000000000e+01
-1.055500000000000000e+03
-1.038000000000000000e+03
-1.325000000000000000e+02
-1.014000000000000000e+03
-1.042500000000000000e+03
-5.250000000000000000e+01
-1.071500000000000000e+03
-1.092500000000000000e+03
-4.650000000000000000e+01
-9.990000000000000000e+02
-9.250000000000000000e+01
-8.150000000000000000e+01
-9.550000000000000000e+01
-4.050000000000000000e+01
-5.750000000000000000e+01
-1.365000000000000000e+02
-5.450000000000000000e+01
-1.265000000000000000e+02
-1.089500000000000000e+03
-1.095000000000000000e+02
-8.550000000000000000e+01
-1.027500000000000000e+03
-1.068500000000000000e+03
-1.047500000000000000e+03
-7.450000000000000000e+01
-9.450000000000000000e+01
-4.950000000000000000e+01
-9.990000000000000000e+02
-1.109500000000000000e+03
-9.750000000000000000e+01
-1.063500000000000000e+03
-1.071500000000000000e+03
-4.650000000000000000e+01
-3.350000000000000000e+01
-1.042500000000000000e+03
-1.104500000000000000e+03
-1.058500000000000000e+03
-8.150000000000000000e+01
-1.051500000000000000e+03
-1.052500000000000000e+03
-7.450000000000000000e+01
-1.043500000000000000e+03
-1.042500000000000000e+03
-1.385000000000000000e+02
-7.250000000000000000e+01
-1.034500000000000000e+03
-1.070000000000000000e+03
-4.450000000000000000e+01
-8.550000000000000000e+01
-1.027500000000000000e+03
-5.750000000000000000e+01
-1.027500000000000000e+03
-1.115500000000000000e+03
-5.650000000000000000e+01
-1.040500000000000000e+03
-3.350000000000000000e+01
-4.850000000000000000e+01
-3.750000000000000000e+01
-1.066500000000000000e+03
-5.450000000000000000e+01
-8.150000000000000000e+01
-5.250000000000000000e+01
-1.043500000000000000e+03
-6.150000000000000000e+01
-9.990000000000000000e+02
-4.850000000000000000e+01
-7.450000000000000000e+01
-1.047500000000000000e+03
-1.050500000000000000e+03
-1.089500000000000000e+03
-5.050000000000000000e+01
-1.061500000000000000e+03
-1.009500000000000000e+03
-1.073000000000000000e+03
-9.990000000000000000e+02
-1.027500000000000000e+03
-3.350000000000000000e+01
-1.007000000000000000e+03
-1.027500000000000000e+03
-9.990000000000000000e+02
-5.750000000000000000e+01
-3.350000000000000000e+01
-3.750000000000000000e+01
-6.450000000000000000e+01
-1.016500000000000000e+03
-1.059500000000000000e+03
-3.350000000000000000e+01
-1.102500000000000000e+03
-3.750000000000000000e+01
-4.450000000000000000e+01
-7.250000000000000000e+01
-4.250000000000000000e+01
-1.085500000000000000e+03
-3.350000000000000000e+01
-1.016500000000000000e+03
-7.850000000000000000e+01
-3.350000000000000000e+01
-3.350000000000000000e+01
-9.990000000000000000e+02
-5.950000000000000000e+01
-4.550000000000000000e+01
-4.650000000000000000e+01
-6.150000000000000000e+01
-9.990000000000000000e+02
-3.350000000000000000e+01
-3.350000000000000000e+01
-1.007000000000000000e+03
-4.450000000000000000e+01
-9.990000000000000000e+02
-4.650000000000000000e+01
-1.038000000000000000e+03
-1.040500000000000000e+03
-3.350000000000000000e+01
-1.024500000000000000e+03
-3.350000000000000000e+01
-1.031500000000000000e+03
-3.350000000000000000e+01
-6.250000000000000000e+01
-1.062500000000000000e+03
-1.034500000000000000e+03
-3.350000000000000000e+01
-3.350000000000000000e+01
-4.250000000000000000e+01
-1.078500000000000000e+03
-1.034500000000000000e+03
-1.022500000000000000e+03
-3.350000000000000000e+01
-5.250000000000000000e+01
-3.350000000000000000e+01
-3.350000000000000000e+01
-4.650000000000000000e+01
-3.350000000000000000e+01
-3.350000000000000000e+01
-4.550000000000000000e+01
-3.350000000000000000e+01
-3.650000000000000000e+01
-3.350000000000000000e+01
-1.061500000000000000e+03
-1.022500000000000000e+03
-1.022500000000000000e+03
-4.250000000000000000e+01
-1.068500000000000000e+03
-5.350000000000000000e+01
-3.350000000000000000e+01
-1.034500000000000000e+03
-4.050000000000000000e+01
-3.350000000000000000e+01
-1.027500000000000000e+03
-1.027500000000000000e+03
-1.125000000000000000e+02
-3.350000000000000000e+01
-4.250000000000000000e+01
-3.350000000000000000e+01
-4.650000000000000000e+01
-4.050000000000000000e+01
-5.750000000000000000e+01
-3.350000000000000000e+01
-3.350000000000000000e+01
-9.990000000000000000e+02
-3.350000000000000000e+01
-3.350000000000000000e+01
-3.350000000000000000e+01
-3.350000000000000000e+01
-1.345000000000000000e+02
-3.350000000000000000e+01
-3.350000000000000000e+01
-3.350000000000000000e+01
-4.050000000000000000e+01
-3.850000000000000000e+01
-4.250000000000000000e+01
-3.350000000000000000e+01
-1.034500000000000000e+03
-1.016500000000000000e+03
-3.350000000000000000e+01
-4.050000000000000000e+01
-3.350000000000000000e+01
-3.350000000000000000e+01
-1.068500000000000000e+03
-3.350000000000000000e+01
-3.350000000000000000e+01
-4.250000000000000000e+01
-3.350000000000000000e+01
-3.350000000000000000e+01
-3.350000000000000000e+01
-1.040500000000000000e+03
-3.350000000000000000e+01
-1.027500000000000000e+03
-3.350000000000000000e+01
-3.350000000000000000e+01
-3.350000000000000000e+01
-1.033500000000000000e+03
-1.009500000000000000e+03
-3.350000000000000000e+01
-3.350000000000000000e+01
-4.650000000000000000e+01
-1.031500000000000000e+03
-4.050000000000000000e+01
-3.350000000000000000e+01
-3.350000000000000000e+01
-1.009500000000000000e+03
-3.350000000000000000e+01
-3.350000000000000000e+01
-3.350000000000000000e+01
-1.061500000000000000e+03
-4.650000000000000000e+01
-4.150000000000000000e+01
-3.350000000000000000e+01
-3.350000000000000000e+01
-3.350000000000000000e+01
-1.034500000000000000e+03
-3.350000000000000000e+01
-4.050000000000000000e+01
-1.016500000000000000e+03
-3.350000000000000000e+01
-3.350000000000000000e+01
-3.350000000000000000e+01
-1.034500000000000000e+03
-4.050000000000000000e+01
-5.450000000000000000e+01
-1.016500000000000000e+03
-3.350000000000000000e+01
-3.350000000000000000e+01
-3.350000000000000000e+01
-3.350000000000000000e+01
-9.990000000000000000e+02
-3.350000000000000000e+01
-3.350000000000000000e+01
-3.350000000000000000e+01
-4.750000000000000000e+01
-3.350000000000000000e+01
-3.350000000000000000e+01
-1.034500000000000000e+03
-1.031500000000000000e+03
-6.350000000000000000e+01
-9.990000000000000000e+02
-3.350000000000000000e+01
-1.009500000000000000e+03
-3.350000000000000000e+01
-3.650000000000000000e+01
-1.026500000000000000e+03
-3.350000000000000000e+01
-3.350000000000000000e+01
-4.350000000000000000e+01
-3.350000000000000000e+01
-9.990000000000000000e+02
-3.350000000000000000e+01
-3.350000000000000000e+01
-4.250000000000000000e+01
-3.350000000000000000e+01
-7.150000000000000000e+01
-4.550000000000000000e+01
-1.034500000000000000e+03
-3.350000000000000000e+01
-1.022500000000000000e+03
-4.750000000000000000e+01
-3.350000000000000000e+01
-3.350000000000000000e+01
-4.250000000000000000e+01
-3.350000000000000000e+01
-3.350000000000000000e+01
-3.350000000000000000e+01
-3.350000000000000000e+01
-3.350000000000000000e+01
-4.250000000000000000e+01
-3.350000000000000000e+01
-3.350000000000000000e+01
-1.042500000000000000e+03
-3.350000000000000000e+01
-3.350000000000000000e+01
-3.350000000000000000e+01
-9.990000000000000000e+02
-3.350000000000000000e+01
-3.350000000000000000e+01
-3.350000000000000000e+01
-4.050000000000000000e+01
-1.009500000000000000e+03
-4.450000000000000000e+01
-3.350000000000000000e+01
-4.650000000000000000e+01
-1.027500000000000000e+03
-3.350000000000000000e+01
-3.350000000000000000e+01
-3.350000000000000000e+01
-4.250000000000000000e+01
-1.063500000000000000e+03
-1.009500000000000000e+03
-3.350000000000000000e+01
-1.027500000000000000e+03
-3.350000000000000000e+01
-4.250000000000000000e+01
-3.350000000000000000e+01
-1.027500000000000000e+03
-9.990000000000000000e+02
-3.350000000000000000e+01
-1.022500000000000000e+03
-3.350000000000000000e+01
-5.450000000000000000e+01
-3.350000000000000000e+01
-4.550000000000000000e+01
-1.027500000000000000e+03
-1.046500000000000000e+03
-3.850000000000000000e+01
-3.350000000000000000e+01
-3.350000000000000000e+01
-5.850000000000000000e+01
-3.350000000000000000e+01
-1.058500000000000000e+03
-3.350000000000000000e+01
-3.350000000000000000e+01
-1.009500000000000000e+03
-4.050000000000000000e+01
-9.990000000000000000e+02
-9.990000000000000000e+02
-3.350000000000000000e+01
-3.350000000000000000e+01
-5.150000000000000000e+01
-3.350000000000000000e+01
-3.350000000000000000e+01
-3.350000000000000000e+01
-4.050000000000000000e+01
-5.250000000000000000e+01
-4.050000000000000000e+01
-4.050000000000000000e+01
-1.046500000000000000e+03
-3.350000000000000000e+01
-3.350000000000000000e+01
-3.350000000000000000e+01
-3.350000000000000000e+01
-9.990000000000000000e+02
-3.350000000000000000e+01
-4.950000000000000000e+01
-3.350000000000000000e+01
-9.990000000000000000e+02
-3.350000000000000000e+01
-4.650000000000000000e+01
-1.031500000000000000e+03
-4.250000000000000000e+01
-3.350000000000000000e+01
-9.650000000000000000e+01
-3.350000000000000000e+01
-3.350000000000000000e+01
-3.850000000000000000e+01
-4.050000000000000000e+01
-3.350000000000000000e+01
-3.350000000000000000e+01
-1.016500000000000000e+03
-3.350000000000000000e+01
-9.990000000000000000e+02
-3.350000000000000000e+01
-3.350000000000000000e+01
-3.350000000000000000e+01
-3.350000000000000000e+01
-1.027500000000000000e+03
-9.990000000000000000e+02
-3.350000000000000000e+01
-3.350000000000000000e+01
-3.350000000000000000e+01
-4.450000000000000000e+01
-3.350000000000000000e+01
-3.350000000000000000e+01
-3.350000000000000000e+01
-3.350000000000000000e+01
-3.350000000000000000e+01
-3.350000000000000000e+01
-3.350000000000000000e+01
-5.450000000000000000e+01
-3.350000000000000000e+01
-4.050000000000000000e+01
-3.350000000000000000e+01
-3.850000000000000000e+01
-3.350000000000000000e+01
-3.350000000000000000e+01
-3.350000000000000000e+01
-3.350000000000000000e+01
-3.850000000000000000e+01
-5.250000000000000000e+01
-3.350000000000000000e+01
-3.350000000000000000e+01
-3.350000000000000000e+01
-1.016500000000000000e+03
-3.350000000000000000e+01
-4.350000000000000000e+01
-3.350000000000000000e+01
-3.350000000000000000e+01
-3.350000000000000000e+01
-3.350000000000000000e+01
-7.750000000000000000e+01
-3.350000000000000000e+01
-3.350000000000000000e+01
-3.350000000000000000e+01
-3.350000000000000000e+01
-3.650000000000000000e+01
-3.350000000000000000e+01
-3.350000000000000000e+01
-1.031500000000000000e+03
-3.350000000000000000e+01
-3.350000000000000000e+01
-3.350000000000000000e+01
-3.350000000000000000e+01
-3.350000000000000000e+01
-3.350000000000000000e+01
-3.350000000000000000e+01
-3.350000000000000000e+01
-3.350000000000000000e+01
-4.350000000000000000e+01
-3.350000000000000000e+01
-3.350000000000000000e+01
-9.990000000000000000e+02
-3.350000000000000000e+01
-3.350000000000000000e+01
-3.350000000000000000e+01
-3.350000000000000000e+01
-3.350000000000000000e+01
-3.350000000000000000e+01
-3.350000000000000000e+01
-1.040500000000000000e+03
-3.350000000000000000e+01
-3.350000000000000000e+01
-3.350000000000000000e+01
-3.350000000000000000e+01
-3.350000000000000000e+01
-3.350000000000000000e+01
-1.155000000000000000e+02
-3.350000000000000000e+01
-3.350000000000000000e+01
-3.350000000000000000e+01
-3.350000000000000000e+01
-9.990000000000000000e+02
-3.350000000000000000e+01
-3.350000000000000000e+01
-3.350000000000000000e+01
-3.350000000000000000e+01
-3.350000000000000000e+01
-5.250000000000000000e+01
-1.022500000000000000e+03
-3.850000000000000000e+01
-4.650000000000000000e+01
-3.350000000000000000e+01
-3.350000000000000000e+01
-3.350000000000000000e+01
-3.350000000000000000e+01
-4.050000000000000000e+01
-4.250000000000000000e+01
-3.350000000000000000e+01
-3.350000000000000000e+01
-3.350000000000000000e+01
-3.650000000000000000e+01
-3.350000000000000000e+01
-3.350000000000000000e+01
-1.009500000000000000e+03
-9.990000000000000000e+02
-3.350000000000000000e+01
-3.350000000000000000e+01
-3.350000000000000000e+01
-3.350000000000000000e+01
-3.350000000000000000e+01
-1.016500000000000000e+03
-4.050000000000000000e+01
-3.350000000000000000e+01
-3.350000000000000000e+01
-3.350000000000000000e+01
-4.050000000000000000e+01
-4.050000000000000000e+01
-3.350000000000000000e+01
-3.850000000000000000e+01
-3.350000000000000000e+01
-3.350000000000000000e+01
-3.350000000000000000e+01
-3.350000000000000000e+01
-3.350000000000000000e+01
-3.350000000000000000e+01
-3.350000000000000000e+01
-1.031500000000000000e+03
-9.990000000000000000e+02
-3.350000000000000000e+01
-3.350000000000000000e+01
-3.350000000000000000e+01
-3.350000000000000000e+01
-3.350000000000000000e+01
-3.350000000000000000e+01
-3.350000000000000000e+01
-3.350000000000000000e+01
-5.250000000000000000e+01
-9.990000000000000000e+02
-3.350000000000000000e+01
-3.350000000000000000e+01
-3.350000000000000000e+01
-3.350000000000000000e+01
-4.450000000000000000e+01
-3.850000000000000000e+01
-1.046500000000000000e+03
-3.350000000000000000e+01
-1.046500000000000000e+03
-7.450000000000000000e+01
-3.350000000000000000e+01
-3.350000000000000000e+01
-3.350000000000000000e+01
-5.550000000000000000e+01
-1.040500000000000000e+03
-3.350000000000000000e+01
-3.350000000000000000e+01
-3.350000000000000000e+01
-3.350000000000000000e+01
-3.350000000000000000e+01
-3.350000000000000000e+01
-3.350000000000000000e+01
-3.350000000000000000e+01
-3.350000000000000000e+01
-1.027500000000000000e+03
-1.022500000000000000e+03
-3.350000000000000000e+01
-3.350000000000000000e+01
-3.350000000000000000e+01
-4.250000000000000000e+01
-9.990000000000000000e+02
-4.450000000000000000e+01
-1.027500000000000000e+03
-3.350000000000000000e+01
-3.350000000000000000e+01
-3.350000000000000000e+01
-3.350000000000000000e+01
-4.250000000000000000e+01
-3.350000000000000000e+01
-3.350000000000000000e+01
-3.350000000000000000e+01
-3.350000000000000000e+01
-3.350000000000000000e+01
-3.350000000000000000e+01
-3.350000000000000000e+01
-3.350000000000000000e+01
-3.350000000000000000e+01
-3.350000000000000000e+01
-1.009500000000000000e+03
-3.350000000000000000e+01
-3.350000000000000000e+01
-3.350000000000000000e+01
-3.350000000000000000e+01
-3.350000000000000000e+01
-1.022500000000000000e+03
-3.350000000000000000e+01
-3.350000000000000000e+01
-3.350000000000000000e+01
-3.350000000000000000e+01
-3.350000000000000000e+01
-5.250000000000000000e+01
-3.350000000000000000e+01
-3.350000000000000000e+01
-1.022500000000000000e+03
-3.350000000000000000e+01
-1.067500000000000000e+03
-5.250000000000000000e+01
-3.350000000000000000e+01
-1.022500000000000000e+03
-3.350000000000000000e+01
-3.350000000000000000e+01
-1.022500000000000000e+03
-3.350000000000000000e+01
-1.027500000000000000e+03
-3.350000000000000000e+01
-3.350000000000000000e+01
-3.350000000000000000e+01
-1.034500000000000000e+03
-3.350000000000000000e+01
-3.850000000000000000e+01
-3.350000000000000000e+01
-5.450000000000000000e+01
-3.350000000000000000e+01
-1.031500000000000000e+03
-3.350000000000000000e+01
-9.990000000000000000e+02
-3.350000000000000000e+01
-3.350000000000000000e+01
-1.027500000000000000e+03
-3.350000000000000000e+01
-3.350000000000000000e+01
-3.350000000000000000e+01
-3.350000000000000000e+01
-9.990000000000000000e+02
-3.350000000000000000e+01
-3.350000000000000000e+01
-1.034500000000000000e+03
-3.350000000000000000e+01
-3.650000000000000000e+01
-5.550000000000000000e+01
-3.350000000000000000e+01
-3.350000000000000000e+01
-3.350000000000000000e+01
-3.350000000000000000e+01
-3.350000000000000000e+01
-3.350000000000000000e+01
-3.350000000000000000e+01
-3.350000000000000000e+01
-1.009500000000000000e+03
-1.027500000000000000e+03
-1.009500000000000000e+03
-3.350000000000000000e+01
-3.350000000000000000e+01
-3.350000000000000000e+01
-3.350000000000000000e+01
-3.350000000000000000e+01
-3.350000000000000000e+01
-6.750000000000000000e+01
-3.350000000000000000e+01
-3.350000000000000000e+01
-3.350000000000000000e+01
-3.350000000000000000e+01
-3.350000000000000000e+01
-3.350000000000000000e+01
-3.350000000000000000e+01
-3.350000000000000000e+01
-3.350000000000000000e+01
-3.650000000000000000e+01
-3.350000000000000000e+01
-3.650000000000000000e+01
-1.027500000000000000e+03
-1.027500000000000000e+03
-3.650000000000000000e+01
-3.350000000000000000e+01
-3.350000000000000000e+01
-3.350000000000000000e+01
-3.350000000000000000e+01
-4.450000000000000000e+01
-3.350000000000000000e+01
-3.350000000000000000e+01
-3.350000000000000000e+01
-3.350000000000000000e+01
-9.990000000000000000e+02
-3.350000000000000000e+01
-4.950000000000000000e+01
-3.350000000000000000e+01
-3.350000000000000000e+01
-3.650000000000000000e+01
-4.250000000000000000e+01
-3.850000000000000000e+01
-3.650000000000000000e+01
-3.350000000000000000e+01
-4.250000000000000000e+01
-3.350000000000000000e+01
-3.350000000000000000e+01
-3.350000000000000000e+01
-3.350000000000000000e+01
-3.350000000000000000e+01
-9.990000000000000000e+02
-4.450000000000000000e+01
-3.350000000000000000e+01
-3.350000000000000000e+01
-5.250000000000000000e+01
-1.009500000000000000e+03
-4.650000000000000000e+01
-3.350000000000000000e+01
-3.350000000000000000e+01
-3.350000000000000000e+01
-1.028500000000000000e+03
-3.350000000000000000e+01
-3.350000000000000000e+01
-4.250000000000000000e+01
-3.350000000000000000e+01
-1.034500000000000000e+03
-4.250000000000000000e+01
-3.350000000000000000e+01
-3.350000000000000000e+01
-4.450000000000000000e+01
-1.027500000000000000e+03
-3.350000000000000000e+01
-1.016500000000000000e+03
-3.350000000000000000e+01
-3.350000000000000000e+01
-3.350000000000000000e+01
-4.450000000000000000e+01
-3.350000000000000000e+01
-3.350000000000000000e+01
-3.350000000000000000e+01
-3.350000000000000000e+01
-3.350000000000000000e+01
-3.350000000000000000e+01
-3.350000000000000000e+01
-3.350000000000000000e+01
-3.350000000000000000e+01
-3.350000000000000000e+01
-3.350000000000000000e+01
-3.350000000000000000e+01
-5.250000000000000000e+01
-3.350000000000000000e+01
-3.350000000000000000e+01
-3.350000000000000000e+01
-3.350000000000000000e+01
-3.850000000000000000e+01
-3.350000000000000000e+01
-4.050000000000000000e+01
-3.350000000000000000e+01
-3.350000000000000000e+01
-9.990000000000000000e+02
-3.350000000000000000e+01
-1.022500000000000000e+03
-1.031500000000000000e+03
-3.350000000000000000e+01
-3.350000000000000000e+01
-4.050000000000000000e+01
-3.350000000000000000e+01
-3.350000000000000000e+01
-3.350000000000000000e+01
-3.350000000000000000e+01
-4.250000000000000000e+01
-4.050000000000000000e+01
-3.350000000000000000e+01
-4.050000000000000000e+01
-3.350000000000000000e+01
-4.250000000000000000e+01
-3.350000000000000000e+01
-3.350000000000000000e+01
-4.650000000000000000e+01
-3.350000000000000000e+01
-1.031500000000000000e+03
-3.350000000000000000e+01
-3.350000000000000000e+01
-3.350000000000000000e+01
-3.350000000000000000e+01
-3.350000000000000000e+01
-9.990000000000000000e+02
-3.350000000000000000e+01
-3.350000000000000000e+01
-4.650000000000000000e+01
-3.350000000000000000e+01
-1.034500000000000000e+03
-3.350000000000000000e+01
-3.850000000000000000e+01
-3.350000000000000000e+01
-3.350000000000000000e+01
-1.027500000000000000e+03
-3.350000000000000000e+01
-4.050000000000000000e+01
-3.350000000000000000e+01
-3.350000000000000000e+01
-3.350000000000000000e+01
-3.350000000000000000e+01
-3.350000000000000000e+01
-4.250000000000000000e+01
-1.022500000000000000e+03
-4.250000000000000000e+01
-1.031500000000000000e+03
-3.350000000000000000e+01
-3.350000000000000000e+01
-1.016500000000000000e+03
-3.350000000000000000e+01
-5.150000000000000000e+01
-1.027500000000000000e+03
-4.050000000000000000e+01
-4.250000000000000000e+01
-3.350000000000000000e+01
-3.350000000000000000e+01
-3.350000000000000000e+01
-3.350000000000000000e+01
-3.350000000000000000e+01
-3.350000000000000000e+01
-4.450000000000000000e+01
-3.350000000000000000e+01
-4.250000000000000000e+01
-3.350000000000000000e+01
-3.350000000000000000e+01
-5.450000000000000000e+01
-3.650000000000000000e+01
-3.350000000000000000e+01
-3.350000000000000000e+01
-1.016500000000000000e+03
-4.450000000000000000e+01
-3.350000000000000000e+01
-3.350000000000000000e+01
-3.350000000000000000e+01
-3.350000000000000000e+01
-4.450000000000000000e+01
-3.350000000000000000e+01
-9.990000000000000000e+02
-3.350000000000000000e+01
-3.350000000000000000e+01
-3.350000000000000000e+01
-3.350000000000000000e+01
-3.350000000000000000e+01
-3.350000000000000000e+01
-3.350000000000000000e+01
-1.031500000000000000e+03
-4.650000000000000000e+01
-3.350000000000000000e+01
-5.250000000000000000e+01
-1.045500000000000000e+03
-4.250000000000000000e+01
-1.034500000000000000e+03
-3.350000000000000000e+01
-3.350000000000000000e+01
-4.650000000000000000e+01
-1.031500000000000000e+03
-3.350000000000000000e+01
-3.350000000000000000e+01
-4.750000000000000000e+01
-3.350000000000000000e+01
-3.350000000000000000e+01
-1.009500000000000000e+03
-4.050000000000000000e+01
-3.350000000000000000e+01
-3.350000000000000000e+01
-3.350000000000000000e+01
-3.350000000000000000e+01
-1.031500000000000000e+03
-3.350000000000000000e+01
-3.350000000000000000e+01
-3.350000000000000000e+01
-3.350000000000000000e+01
-3.350000000000000000e+01
-3.350000000000000000e+01
-6.150000000000000000e+01
-3.350000000000000000e+01
-3.350000000000000000e+01
-3.350000000000000000e+01
-1.009500000000000000e+03
-3.350000000000000000e+01
-3.350000000000000000e+01
-3.350000000000000000e+01
-3.350000000000000000e+01
-3.350000000000000000e+01
-3.350000000000000000e+01
-3.350000000000000000e+01
-4.250000000000000000e+01
-3.350000000000000000e+01
-3.350000000000000000e+01
-3.350000000000000000e+01
-3.350000000000000000e+01
-3.350000000000000000e+01
-5.250000000000000000e+01
-3.350000000000000000e+01
-3.350000000000000000e+01
-3.350000000000000000e+01
-3.350000000000000000e+01
-3.350000000000000000e+01
-3.350000000000000000e+01
-3.350000000000000000e+01
-3.350000000000000000e+01
-1.027500000000000000e+03
-3.350000000000000000e+01
-1.037500000000000000e+03
-1.027500000000000000e+03
-3.350000000000000000e+01
-3.350000000000000000e+01
-3.350000000000000000e+01
-4.050000000000000000e+01
-3.350000000000000000e+01
-3.350000000000000000e+01
-3.350000000000000000e+01
-3.350000000000000000e+01
-4.650000000000000000e+01
-3.350000000000000000e+01
-3.350000000000000000e+01
-3.350000000000000000e+01
-1.027500000000000000e+03
-4.050000000000000000e+01
-3.350000000000000000e+01
-3.350000000000000000e+01
-1.027500000000000000e+03
-3.350000000000000000e+01
-1.060500000000000000e+03
-3.350000000000000000e+01
-3.350000000000000000e+01
-3.350000000000000000e+01
-5.250000000000000000e+01
-3.350000000000000000e+01
-3.350000000000000000e+01
-1.022500000000000000e+03
-3.350000000000000000e+01
-3.350000000000000000e+01
-3.350000000000000000e+01
-3.350000000000000000e+01
-3.350000000000000000e+01
-9.990000000000000000e+02
-1.029500000000000000e+03
-3.350000000000000000e+01
-3.350000000000000000e+01
-3.350000000000000000e+01
-3.350000000000000000e+01
-3.350000000000000000e+01
-3.350000000000000000e+01
-3.350000000000000000e+01
-3.350000000000000000e+01
-3.350000000000000000e+01
-3.350000000000000000e+01
-3.350000000000000000e+01
-4.450000000000000000e+01
-4.250000000000000000e+01
-3.350000000000000000e+01
-3.350000000000000000e+01
-3.350000000000000000e+01
-3.350000000000000000e+01
-3.350000000000000000e+01
-3.350000000000000000e+01
-3.350000000000000000e+01
-3.350000000000000000e+01
-3.350000000000000000e+01
-3.350000000000000000e+01
-3.350000000000000000e+01
-3.850000000000000000e+01
-3.350000000000000000e+01
-3.850000000000000000e+01
-3.350000000000000000e+01
-3.350000000000000000e+01
-3.350000000000000000e+01
-4.250000000000000000e+01
-3.350000000000000000e+01
-3.350000000000000000e+01
-3.350000000000000000e+01
-3.350000000000000000e+01
-4.050000000000000000e+01
-3.350000000000000000e+01
-3.350000000000000000e+01
-3.350000000000000000e+01
-3.350000000000000000e+01
-3.350000000000000000e+01
-3.350000000000000000e+01
-3.350000000000000000e+01
-3.350000000000000000e+01
-3.350000000000000000e+01
-4.050000000000000000e+01
-3.350000000000000000e+01
-4.250000000000000000e+01
-1.022500000000000000e+03
-3.350000000000000000e+01
-1.016500000000000000e+03
-3.350000000000000000e+01
-4.250000000000000000e+01
-3.350000000000000000e+01
-3.350000000000000000e+01
-3.350000000000000000e+01
-3.350000000000000000e+01
-3.350000000000000000e+01
-3.350000000000000000e+01
-3.350000000000000000e+01
-3.350000000000000000e+01
-3.350000000000000000e+01
-3.350000000000000000e+01
-3.350000000000000000e+01
-3.350000000000000000e+01
-3.350000000000000000e+01
-3.350000000000000000e+01
-1.027500000000000000e+03
-3.350000000000000000e+01
-3.350000000000000000e+01
-3.350000000000000000e+01
-3.350000000000000000e+01
-3.350000000000000000e+01
-3.350000000000000000e+01
-3.350000000000000000e+01
-3.350000000000000000e+01
-1.046500000000000000e+03
-3.350000000000000000e+01
-3.350000000000000000e+01
-9.990000000000000000e+02
-5.250000000000000000e+01
-3.350000000000000000e+01
-9.990000000000000000e+02
-3.350000000000000000e+01
-6.350000000000000000e+01
-3.350000000000000000e+01
-3.350000000000000000e+01
-3.350000000000000000e+01
-4.050000000000000000e+01
-3.350000000000000000e+01
-3.350000000000000000e+01
-1.027500000000000000e+03
-3.350000000000000000e+01
-3.350000000000000000e+01
-3.350000000000000000e+01
-3.350000000000000000e+01
-1.031500000000000000e+03
-3.850000000000000000e+01
-1.022500000000000000e+03
-3.350000000000000000e+01
-9.990000000000000000e+02
-3.350000000000000000e+01
-1.035500000000000000e+03
-3.350000000000000000e+01
-3.350000000000000000e+01
-3.350000000000000000e+01
-3.350000000000000000e+01
-3.350000000000000000e+01
-3.350000000000000000e+01
-3.350000000000000000e+01
-3.350000000000000000e+01
-4.050000000000000000e+01
-3.350000000000000000e+01
-5.250000000000000000e+01
-3.350000000000000000e+01
-3.350000000000000000e+01
-3.350000000000000000e+01
-3.350000000000000000e+01
-3.350000000000000000e+01
-3.350000000000000000e+01
-4.250000000000000000e+01
-3.350000000000000000e+01
-3.350000000000000000e+01
-3.350000000000000000e+01
-3.350000000000000000e+01
-3.350000000000000000e+01
-3.350000000000000000e+01
-3.350000000000000000e+01
-3.350000000000000000e+01
-3.650000000000000000e+01
-3.850000000000000000e+01
-3.350000000000000000e+01
-3.350000000000000000e+01
-3.350000000000000000e+01
-3.350000000000000000e+01
-3.350000000000000000e+01
-3.350000000000000000e+01
-3.350000000000000000e+01
-1.016500000000000000e+03
-3.350000000000000000e+01
-3.350000000000000000e+01
-3.350000000000000000e+01
-3.350000000000000000e+01
-3.350000000000000000e+01
-3.350000000000000000e+01
-3.350000000000000000e+01
-3.350000000000000000e+01
-3.350000000000000000e+01
-4.250000000000000000e+01
-3.350000000000000000e+01
-3.350000000000000000e+01
-3.350000000000000000e+01
-3.350000000000000000e+01
-3.350000000000000000e+01
-3.350000000000000000e+01
-3.350000000000000000e+01
-3.350000000000000000e+01
-7.450000000000000000e+01
-3.350000000000000000e+01
-3.350000000000000000e+01
-3.350000000000000000e+01
-3.350000000000000000e+01
-3.350000000000000000e+01
-3.350000000000000000e+01
-1.034500000000000000e+03
-3.350000000000000000e+01
-3.350000000000000000e+01
-3.350000000000000000e+01
-3.350000000000000000e+01
-3.350000000000000000e+01
-3.350000000000000000e+01
-3.350000000000000000e+01
-3.350000000000000000e+01
-5.250000000000000000e+01
-3.350000000000000000e+01
-3.350000000000000000e+01
-3.350000000000000000e+01
-3.350000000000000000e+01
-3.350000000000000000e+01
-1.016500000000000000e+03
-1.022500000000000000e+03
-3.350000000000000000e+01
-3.350000000000000000e+01
-3.350000000000000000e+01
-3.350000000000000000e+01
-1.022500000000000000e+03
-9.990000000000000000e+02
-3.350000000000000000e+01
-3.350000000000000000e+01
-4.250000000000000000e+01
-1.027500000000000000e+03
-3.350000000000000000e+01
-3.350000000000000000e+01
-4.450000000000000000e+01
-3.350000000000000000e+01
-3.350000000000000000e+01
-1.034500000000000000e+03
-3.350000000000000000e+01
-4.450000000000000000e+01
-3.350000000000000000e+01
-3.350000000000000000e+01
-4.450000000000000000e+01
-5.450000000000000000e+01
-3.350000000000000000e+01
-3.350000000000000000e+01
-3.350000000000000000e+01
-3.350000000000000000e+01
-4.050000000000000000e+01
-1.022500000000000000e+03
-3.650000000000000000e+01
-3.350000000000000000e+01
-3.350000000000000000e+01
-4.450000000000000000e+01
-5.550000000000000000e+01
-3.350000000000000000e+01
-3.350000000000000000e+01
-3.350000000000000000e+01
-1.022500000000000000e+03
-3.350000000000000000e+01
-3.350000000000000000e+01
-3.350000000000000000e+01
-3.350000000000000000e+01
-3.350000000000000000e+01
-3.350000000000000000e+01
-3.350000000000000000e+01
-3.350000000000000000e+01
-3.350000000000000000e+01
-3.350000000000000000e+01
-3.350000000000000000e+01
-3.350000000000000000e+01
-1.009500000000000000e+03
-3.350000000000000000e+01
-4.050000000000000000e+01
-4.650000000000000000e+01
-3.350000000000000000e+01
-3.350000000000000000e+01
-3.350000000000000000e+01
-1.009500000000000000e+03
-3.350000000000000000e+01
-3.350000000000000000e+01
-3.350000000000000000e+01
-4.050000000000000000e+01
-3.350000000000000000e+01
-3.350000000000000000e+01
-3.350000000000000000e+01
-3.350000000000000000e+01
-3.350000000000000000e+01
-3.350000000000000000e+01
-3.350000000000000000e+01
-3.350000000000000000e+01
-3.350000000000000000e+01
-3.350000000000000000e+01
-3.350000000000000000e+01
-3.350000000000000000e+01
-3.850000000000000000e+01
-3.350000000000000000e+01
-3.350000000000000000e+01
-3.350000000000000000e+01
-3.350000000000000000e+01
-3.350000000000000000e+01
-3.350000000000000000e+01
-3.350000000000000000e+01
-3.350000000000000000e+01
-3.350000000000000000e+01
-3.350000000000000000e+01
-3.350000000000000000e+01
-3.350000000000000000e+01
-3.350000000000000000e+01
-3.350000000000000000e+01
-3.350000000000000000e+01
-3.350000000000000000e+01
-3.350000000000000000e+01
-3.350000000000000000e+01
-3.350000000000000000e+01
-3.350000000000000000e+01
-3.350000000000000000e+01
-3.350000000000000000e+01
-3.350000000000000000e+01
-3.350000000000000000e+01
-5.450000000000000000e+01
-9.990000000000000000e+02
-3.350000000000000000e+01
-1.034500000000000000e+03
-3.350000000000000000e+01
-3.350000000000000000e+01
-3.350000000000000000e+01
-4.050000000000000000e+01
-4.250000000000000000e+01
-3.350000000000000000e+01
-3.350000000000000000e+01
-3.350000000000000000e+01
-3.650000000000000000e+01
-3.350000000000000000e+01
-9.990000000000000000e+02
-3.350000000000000000e+01
-3.350000000000000000e+01
-3.350000000000000000e+01
-3.350000000000000000e+01
-3.350000000000000000e+01
-3.350000000000000000e+01
-3.350000000000000000e+01
-4.750000000000000000e+01
-3.350000000000000000e+01
-3.350000000000000000e+01
-3.350000000000000000e+01
-3.350000000000000000e+01
-3.350000000000000000e+01
-4.050000000000000000e+01
-3.350000000000000000e+01
-3.350000000000000000e+01
-3.350000000000000000e+01
-3.350000000000000000e+01
-3.350000000000000000e+01
-3.350000000000000000e+01
-3.350000000000000000e+01
-3.350000000000000000e+01
-3.350000000000000000e+01
-3.350000000000000000e+01
-3.350000000000000000e+01
-3.350000000000000000e+01
-3.350000000000000000e+01
-3.350000000000000000e+01
-3.350000000000000000e+01
-3.350000000000000000e+01
-3.350000000000000000e+01
-3.350000000000000000e+01
-3.350000000000000000e+01
-3.350000000000000000e+01
-3.350000000000000000e+01
-3.350000000000000000e+01
-3.350000000000000000e+01
-3.350000000000000000e+01
-3.350000000000000000e+01
-3.350000000000000000e+01
-3.350000000000000000e+01
-3.350000000000000000e+01
-4.450000000000000000e+01
-3.350000000000000000e+01
-4.050000000000000000e+01
-1.016500000000000000e+03
-1.022500000000000000e+03
-3.350000000000000000e+01
-3.350000000000000000e+01
-4.050000000000000000e+01
-3.350000000000000000e+01
-3.350000000000000000e+01
-3.350000000000000000e+01
-3.350000000000000000e+01
-3.350000000000000000e+01
-1.027500000000000000e+03
-3.350000000000000000e+01
-3.350000000000000000e+01
-3.350000000000000000e+01
-1.016500000000000000e+03
-3.350000000000000000e+01
-3.350000000000000000e+01
-3.350000000000000000e+01
-3.350000000000000000e+01
-3.350000000000000000e+01
-3.350000000000000000e+01
-3.350000000000000000e+01
-3.350000000000000000e+01
-3.350000000000000000e+01
-3.350000000000000000e+01
-3.350000000000000000e+01
-3.350000000000000000e+01
-3.350000000000000000e+01
-3.350000000000000000e+01
-3.350000000000000000e+01
-3.650000000000000000e+01
-4.250000000000000000e+01
-3.350000000000000000e+01
-3.350000000000000000e+01
-3.350000000000000000e+01
-3.350000000000000000e+01
-1.022500000000000000e+03
-4.650000000000000000e+01
-3.350000000000000000e+01
-3.350000000000000000e+01
-3.350000000000000000e+01
-3.350000000000000000e+01
-4.450000000000000000e+01
-3.350000000000000000e+01
-4.050000000000000000e+01
-3.350000000000000000e+01
-4.450000000000000000e+01
-3.350000000000000000e+01
-3.350000000000000000e+01
-1.016500000000000000e+03
-5.250000000000000000e+01
-3.350000000000000000e+01
-5.250000000000000000e+01
-3.350000000000000000e+01
-9.990000000000000000e+02
-3.350000000000000000e+01
-1.027500000000000000e+03
-3.350000000000000000e+01
-3.850000000000000000e+01
-3.350000000000000000e+01
-3.350000000000000000e+01
-1.016500000000000000e+03
-3.350000000000000000e+01
-3.350000000000000000e+01
-3.350000000000000000e+01
-3.350000000000000000e+01
-3.350000000000000000e+01
-3.350000000000000000e+01
-3.350000000000000000e+01
-3.350000000000000000e+01
-3.350000000000000000e+01
-3.350000000000000000e+01
-3.350000000000000000e+01
-3.350000000000000000e+01
-3.350000000000000000e+01
-3.350000000000000000e+01
-3.350000000000000000e+01
-3.350000000000000000e+01
-3.350000000000000000e+01
-3.350000000000000000e+01
-3.350000000000000000e+01
-3.350000000000000000e+01
-3.350000000000000000e+01
-3.350000000000000000e+01
-3.350000000000000000e+01
-3.350000000000000000e+01
-3.350000000000000000e+01
-3.350000000000000000e+01
-3.350000000000000000e+01
-3.350000000000000000e+01
-3.350000000000000000e+01
-3.350000000000000000e+01
-3.350000000000000000e+01
-3.350000000000000000e+01
-3.350000000000000000e+01
-3.350000000000000000e+01
-3.350000000000000000e+01
-3.350000000000000000e+01
-3.350000000000000000e+01
-3.350000000000000000e+01
-3.350000000000000000e+01
-1.046500000000000000e+03
-3.350000000000000000e+01
-3.350000000000000000e+01
-3.350000000000000000e+01
-4.050000000000000000e+01
-3.350000000000000000e+01
-3.350000000000000000e+01
-3.350000000000000000e+01
-3.350000000000000000e+01
-3.350000000000000000e+01
-3.350000000000000000e+01
-3.350000000000000000e+01
-3.350000000000000000e+01
-3.350000000000000000e+01
-4.450000000000000000e+01
-3.350000000000000000e+01
-1.027500000000000000e+03
-3.350000000000000000e+01
-1.016500000000000000e+03
-3.350000000000000000e+01
-3.350000000000000000e+01
-3.350000000000000000e+01
-3.350000000000000000e+01
-3.350000000000000000e+01
-3.350000000000000000e+01
-3.350000000000000000e+01
-3.350000000000000000e+01
-3.350000000000000000e+01
-3.350000000000000000e+01
-3.350000000000000000e+01
-3.350000000000000000e+01
-3.350000000000000000e+01
-3.350000000000000000e+01
-3.350000000000000000e+01
-3.350000000000000000e+01
-3.350000000000000000e+01
-1.027500000000000000e+03
-3.350000000000000000e+01
-1.027500000000000000e+03
-3.350000000000000000e+01
-3.350000000000000000e+01
-3.350000000000000000e+01
-3.350000000000000000e+01
-3.350000000000000000e+01
-3.350000000000000000e+01
-3.350000000000000000e+01
-5.250000000000000000e+01
-3.350000000000000000e+01
-3.350000000000000000e+01
-3.350000000000000000e+01
-3.350000000000000000e+01
-3.350000000000000000e+01
-3.350000000000000000e+01
-3.350000000000000000e+01
-3.350000000000000000e+01
-3.350000000000000000e+01
-3.350000000000000000e+01
-3.350000000000000000e+01
-3.350000000000000000e+01
-3.350000000000000000e+01
-3.350000000000000000e+01
-3.350000000000000000e+01
-3.350000000000000000e+01
-3.350000000000000000e+01
-3.350000000000000000e+01
-3.350000000000000000e+01
-1.009500000000000000e+03
-3.350000000000000000e+01
-3.350000000000000000e+01
-3.350000000000000000e+01
-3.350000000000000000e+01
-3.350000000000000000e+01
-3.350000000000000000e+01
-3.350000000000000000e+01
-4.050000000000000000e+01
-3.350000000000000000e+01
-3.350000000000000000e+01
-3.350000000000000000e+01
-1.022500000000000000e+03
-5.250000000000000000e+01
-3.350000000000000000e+01
-3.350000000000000000e+01
-3.350000000000000000e+01
-3.350000000000000000e+01
-3.350000000000000000e+01
-4.450000000000000000e+01
-3.350000000000000000e+01
-3.350000000000000000e+01
-3.350000000000000000e+01
-3.350000000000000000e+01
-3.350000000000000000e+01
-3.350000000000000000e+01
-3.350000000000000000e+01
-3.350000000000000000e+01
-3.350000000000000000e+01
-3.350000000000000000e+01
-3.350000000000000000e+01
-3.350000000000000000e+01
-3.350000000000000000e+01
-3.350000000000000000e+01
-3.350000000000000000e+01
-3.350000000000000000e+01
-3.350000000000000000e+01
-3.350000000000000000e+01
-3.350000000000000000e+01
-3.350000000000000000e+01
-3.350000000000000000e+01
-3.350000000000000000e+01
-3.350000000000000000e+01
-3.350000000000000000e+01
-3.350000000000000000e+01
-3.350000000000000000e+01
-3.350000000000000000e+01
-4.050000000000000000e+01
-3.350000000000000000e+01
-3.350000000000000000e+01
-3.350000000000000000e+01
-3.350000000000000000e+01
-3.350000000000000000e+01
-3.350000000000000000e+01
-3.350000000000000000e+01
-3.350000000000000000e+01
-9.990000000000000000e+02
-3.350000000000000000e+01
-3.350000000000000000e+01
-3.350000000000000000e+01
-3.350000000000000000e+01
-3.350000000000000000e+01
-3.350000000000000000e+01
-3.350000000000000000e+01
-3.350000000000000000e+01
-3.350000000000000000e+01
-3.350000000000000000e+01
-1.016500000000000000e+03
-3.350000000000000000e+01
-1.009500000000000000e+03
-3.350000000000000000e+01
-3.350000000000000000e+01
-3.350000000000000000e+01
-5.250000000000000000e+01
-3.350000000000000000e+01
-3.350000000000000000e+01
-3.350000000000000000e+01
-3.350000000000000000e+01
-3.350000000000000000e+01
-3.350000000000000000e+01
-3.350000000000000000e+01
-9.990000000000000000e+02
-3.350000000000000000e+01
-3.350000000000000000e+01
-3.350000000000000000e+01
-3.350000000000000000e+01
-3.350000000000000000e+01
-1.034500000000000000e+03
-3.350000000000000000e+01
-3.350000000000000000e+01
-3.350000000000000000e+01
-3.350000000000000000e+01
-3.350000000000000000e+01
-3.350000000000000000e+01
-3.350000000000000000e+01
-3.350000000000000000e+01
-3.350000000000000000e+01
-3.350000000000000000e+01
-3.350000000000000000e+01
-3.350000000000000000e+01
-1.022500000000000000e+03
-3.350000000000000000e+01
-3.350000000000000000e+01
-3.350000000000000000e+01
-3.350000000000000000e+01
-3.350000000000000000e+01
-3.350000000000000000e+01
-3.350000000000000000e+01
-3.350000000000000000e+01
-3.350000000000000000e+01
-3.350000000000000000e+01
-1.016500000000000000e+03
-3.350000000000000000e+01
-3.350000000000000000e+01
-3.350000000000000000e+01
-5.450000000000000000e+01
-3.350000000000000000e+01
-3.350000000000000000e+01
-3.350000000000000000e+01
-1.016500000000000000e+03
-3.350000000000000000e+01
-3.350000000000000000e+01
-3.350000000000000000e+01
-3.350000000000000000e+01
-3.350000000000000000e+01
-3.350000000000000000e+01
-3.350000000000000000e+01
-3.350000000000000000e+01
-3.350000000000000000e+01
-1.022500000000000000e+03
-3.650000000000000000e+01
-3.350000000000000000e+01
-3.350000000000000000e+01
-3.350000000000000000e+01
-3.350000000000000000e+01
-3.350000000000000000e+01
-3.350000000000000000e+01
-3.350000000000000000e+01
-3.350000000000000000e+01
-3.350000000000000000e+01
-3.350000000000000000e+01
-3.350000000000000000e+01
-3.350000000000000000e+01
-3.350000000000000000e+01
-3.350000000000000000e+01
-3.350000000000000000e+01
-3.350000000000000000e+01
-3.350000000000000000e+01
-9.990000000000000000e+02
-3.350000000000000000e+01
-3.350000000000000000e+01
-3.350000000000000000e+01
-3.350000000000000000e+01
-9.990000000000000000e+02
-3.350000000000000000e+01
-3.350000000000000000e+01
-3.350000000000000000e+01
-3.350000000000000000e+01
-3.350000000000000000e+01
-3.350000000000000000e+01
-3.350000000000000000e+01
-3.350000000000000000e+01
-3.350000000000000000e+01
-3.350000000000000000e+01
-3.350000000000000000e+01
-3.350000000000000000e+01
-3.350000000000000000e+01
-3.350000000000000000e+01
-5.550000000000000000e+01
-4.250000000000000000e+01
-3.350000000000000000e+01
-3.350000000000000000e+01
-3.350000000000000000e+01
-3.350000000000000000e+01
-3.350000000000000000e+01
-5.950000000000000000e+01
-3.350000000000000000e+01
-3.350000000000000000e+01
-1.022500000000000000e+03
-3.350000000000000000e+01
-3.350000000000000000e+01
-3.350000000000000000e+01
-3.350000000000000000e+01
-3.350000000000000000e+01
-3.350000000000000000e+01
-9.990000000000000000e+02
-3.350000000000000000e+01
-3.350000000000000000e+01
-3.350000000000000000e+01
-3.350000000000000000e+01
-3.350000000000000000e+01
-3.350000000000000000e+01
-3.350000000000000000e+01
-3.350000000000000000e+01
-3.350000000000000000e+01
-3.350000000000000000e+01
-3.350000000000000000e+01
-3.350000000000000000e+01
-4.250000000000000000e+01
-3.350000000000000000e+01
-3.350000000000000000e+01
-3.350000000000000000e+01
-3.350000000000000000e+01
-3.350000000000000000e+01
-4.250000000000000000e+01
-3.350000000000000000e+01
-3.350000000000000000e+01
-3.350000000000000000e+01
-3.350000000000000000e+01
-3.350000000000000000e+01
-3.350000000000000000e+01
-3.350000000000000000e+01
-3.350000000000000000e+01
-3.350000000000000000e+01
-3.350000000000000000e+01
-3.350000000000000000e+01
-3.350000000000000000e+01
-3.350000000000000000e+01
-3.350000000000000000e+01
-3.350000000000000000e+01
-3.350000000000000000e+01
-3.350000000000000000e+01
-3.350000000000000000e+01
-3.350000000000000000e+01
-3.350000000000000000e+01
-3.350000000000000000e+01
-3.350000000000000000e+01
-3.350000000000000000e+01
-3.350000000000000000e+01
-3.350000000000000000e+01
-3.350000000000000000e+01
-3.350000000000000000e+01
-3.350000000000000000e+01
-3.350000000000000000e+01
-3.350000000000000000e+01
-3.350000000000000000e+01
-3.350000000000000000e+01
-3.350000000000000000e+01
-3.350000000000000000e+01
-3.350000000000000000e+01
-3.350000000000000000e+01
-5.250000000000000000e+01
-3.350000000000000000e+01
-9.990000000000000000e+02
-1.034500000000000000e+03
-4.250000000000000000e+01
-3.350000000000000000e+01
-3.350000000000000000e+01
-3.350000000000000000e+01
-3.350000000000000000e+01
-3.350000000000000000e+01
-3.350000000000000000e+01
-3.350000000000000000e+01
-3.350000000000000000e+01
-3.350000000000000000e+01
-3.350000000000000000e+01
-3.350000000000000000e+01
-3.350000000000000000e+01
-3.850000000000000000e+01
-3.350000000000000000e+01
-3.350000000000000000e+01
-3.350000000000000000e+01
-3.350000000000000000e+01
-3.350000000000000000e+01
-3.350000000000000000e+01
-3.350000000000000000e+01
-3.350000000000000000e+01
-3.350000000000000000e+01
-3.850000000000000000e+01
-3.350000000000000000e+01
-3.350000000000000000e+01
-3.350000000000000000e+01
-3.350000000000000000e+01
-3.350000000000000000e+01
-3.350000000000000000e+01
-3.350000000000000000e+01
-3.350000000000000000e+01
-3.350000000000000000e+01
-3.350000000000000000e+01
-3.350000000000000000e+01
-3.350000000000000000e+01
-3.350000000000000000e+01
-3.350000000000000000e+01
-3.350000000000000000e+01
-3.350000000000000000e+01
-3.350000000000000000e+01
-3.350000000000000000e+01
-3.350000000000000000e+01
-3.350000000000000000e+01
-1.016500000000000000e+03
-3.350000000000000000e+01
-3.350000000000000000e+01
-3.350000000000000000e+01
-3.350000000000000000e+01
-3.350000000000000000e+01
-3.350000000000000000e+01
-3.350000000000000000e+01
-3.350000000000000000e+01
-3.350000000000000000e+01
-3.350000000000000000e+01
-3.350000000000000000e+01
-3.350000000000000000e+01
-3.350000000000000000e+01
-3.350000000000000000e+01
-3.350000000000000000e+01
-3.350000000000000000e+01
-3.350000000000000000e+01
-3.350000000000000000e+01
-3.350000000000000000e+01
-3.350000000000000000e+01
-3.350000000000000000e+01
-3.350000000000000000e+01
-3.350000000000000000e+01
-3.350000000000000000e+01
-3.350000000000000000e+01
-3.350000000000000000e+01
-3.350000000000000000e+01
-3.350000000000000000e+01
-3.350000000000000000e+01
-3.350000000000000000e+01
-3.350000000000000000e+01
-3.350000000000000000e+01
-3.350000000000000000e+01
-3.350000000000000000e+01
-3.350000000000000000e+01
-3.350000000000000000e+01
-3.350000000000000000e+01
-9.990000000000000000e+02
-3.350000000000000000e+01
-3.350000000000000000e+01
-3.350000000000000000e+01
-3.350000000000000000e+01
-3.350000000000000000e+01
-3.350000000000000000e+01
-3.350000000000000000e+01
-3.350000000000000000e+01
-3.350000000000000000e+01
-3.350000000000000000e+01
-3.350000000000000000e+01
-3.350000000000000000e+01
-3.350000000000000000e+01
-3.350000000000000000e+01
-3.350000000000000000e+01
-3.350000000000000000e+01
-3.350000000000000000e+01
-3.350000000000000000e+01
-3.350000000000000000e+01
-3.350000000000000000e+01
-3.350000000000000000e+01
-3.350000000000000000e+01
-3.350000000000000000e+01
-3.350000000000000000e+01
-3.350000000000000000e+01
-3.350000000000000000e+01
-3.350000000000000000e+01
-3.350000000000000000e+01
-1.031500000000000000e+03
-3.350000000000000000e+01
-3.350000000000000000e+01
-3.350000000000000000e+01
-3.350000000000000000e+01
-3.350000000000000000e+01
-3.350000000000000000e+01
-3.350000000000000000e+01
-3.350000000000000000e+01
-3.350000000000000000e+01
-3.350000000000000000e+01
-3.350000000000000000e+01
-3.350000000000000000e+01
-3.350000000000000000e+01
-3.350000000000000000e+01
-3.350000000000000000e+01
-3.350000000000000000e+01
-3.350000000000000000e+01
-3.350000000000000000e+01
-3.350000000000000000e+01
-3.350000000000000000e+01
-3.350000000000000000e+01
-3.350000000000000000e+01
-3.350000000000000000e+01
-3.350000000000000000e+01
-3.350000000000000000e+01
-3.350000000000000000e+01
-3.350000000000000000e+01
-3.350000000000000000e+01
-3.350000000000000000e+01
-5.450000000000000000e+01
-3.350000000000000000e+01
-1.034500000000000000e+03
-3.350000000000000000e+01
-3.350000000000000000e+01
-3.350000000000000000e+01
-3.350000000000000000e+01
-3.350000000000000000e+01
-3.350000000000000000e+01
-3.350000000000000000e+01
-3.350000000000000000e+01
-3.350000000000000000e+01
-3.350000000000000000e+01
-3.350000000000000000e+01
-3.350000000000000000e+01
-3.350000000000000000e+01
-3.350000000000000000e+01
-3.350000000000000000e+01
-3.350000000000000000e+01
-3.350000000000000000e+01
-3.350000000000000000e+01
-3.350000000000000000e+01
-3.350000000000000000e+01
-3.350000000000000000e+01
-3.350000000000000000e+01
-3.350000000000000000e+01
-3.350000000000000000e+01
-3.350000000000000000e+01
-3.350000000000000000e+01
-3.350000000000000000e+01
-3.350000000000000000e+01
-3.350000000000000000e+01
-3.350000000000000000e+01
-3.350000000000000000e+01
-3.350000000000000000e+01
-3.350000000000000000e+01
-3.350000000000000000e+01
-3.350000000000000000e+01
-3.350000000000000000e+01
-3.350000000000000000e+01
-3.350000000000000000e+01
-3.350000000000000000e+01
-3.350000000000000000e+01
-3.350000000000000000e+01
-3.350000000000000000e+01
-3.350000000000000000e+01
-3.350000000000000000e+01
-3.350000000000000000e+01
-3.350000000000000000e+01
-3.350000000000000000e+01
-3.350000000000000000e+01
-3.350000000000000000e+01
-3.350000000000000000e+01
-3.350000000000000000e+01
-3.350000000000000000e+01
-3.350000000000000000e+01
-3.350000000000000000e+01
-3.350000000000000000e+01
-3.350000000000000000e+01
-3.350000000000000000e+01
-3.350000000000000000e+01
-3.350000000000000000e+01
-3.350000000000000000e+01
-3.350000000000000000e+01
-3.350000000000000000e+01
-3.350000000000000000e+01
-3.350000000000000000e+01
-3.350000000000000000e+01
-3.350000000000000000e+01
-3.350000000000000000e+01
-3.350000000000000000e+01
-3.350000000000000000e+01
-3.350000000000000000e+01
-3.350000000000000000e+01
-3.350000000000000000e+01
-3.350000000000000000e+01
-3.350000000000000000e+01
-3.350000000000000000e+01
-3.350000000000000000e+01
-3.350000000000000000e+01
-3.350000000000000000e+01
-3.350000000000000000e+01
-3.350000000000000000e+01
-3.350000000000000000e+01
-3.350000000000000000e+01
-3.350000000000000000e+01
-3.350000000000000000e+01
-3.350000000000000000e+01
-3.350000000000000000e+01
-3.350000000000000000e+01
-3.350000000000000000e+01
-3.350000000000000000e+01
-3.350000000000000000e+01
-3.350000000000000000e+01
-3.350000000000000000e+01
-3.350000000000000000e+01
-3.350000000000000000e+01
-3.350000000000000000e+01
-3.350000000000000000e+01
-3.350000000000000000e+01
-3.350000000000000000e+01
-3.350000000000000000e+01
-3.350000000000000000e+01
-3.350000000000000000e+01
-3.350000000000000000e+01
-3.350000000000000000e+01
-3.350000000000000000e+01
-3.350000000000000000e+01
-3.350000000000000000e+01
-3.350000000000000000e+01
-3.350000000000000000e+01
-3.350000000000000000e+01
-3.350000000000000000e+01
-3.350000000000000000e+01
-3.350000000000000000e+01
-3.350000000000000000e+01
-3.350000000000000000e+01
-3.350000000000000000e+01
-3.350000000000000000e+01
-3.350000000000000000e+01
-3.350000000000000000e+01
-3.350000000000000000e+01
-3.350000000000000000e+01
-3.350000000000000000e+01
-3.350000000000000000e+01
-3.350000000000000000e+01
-3.350000000000000000e+01
-3.350000000000000000e+01
-3.350000000000000000e+01
-3.350000000000000000e+01
-3.350000000000000000e+01
-3.350000000000000000e+01
-3.350000000000000000e+01
-3.350000000000000000e+01
-3.350000000000000000e+01
-3.350000000000000000e+01
-3.350000000000000000e+01
-3.350000000000000000e+01
-3.350000000000000000e+01
-3.350000000000000000e+01
-3.350000000000000000e+01
-3.350000000000000000e+01
-3.350000000000000000e+01
-3.350000000000000000e+01
-3.350000000000000000e+01
-3.350000000000000000e+01
-3.350000000000000000e+01
-3.350000000000000000e+01
-3.350000000000000000e+01
-3.350000000000000000e+01
-3.350000000000000000e+01
-3.350000000000000000e+01
-3.350000000000000000e+01
-3.350000000000000000e+01
-3.350000000000000000e+01
-3.350000000000000000e+01
-3.350000000000000000e+01
-3.350000000000000000e+01
-3.350000000000000000e+01
-3.350000000000000000e+01
-3.350000000000000000e+01
-3.350000000000000000e+01
-3.350000000000000000e+01
-3.350000000000000000e+01
-3.350000000000000000e+01
-3.350000000000000000e+01
-3.350000000000000000e+01
-3.350000000000000000e+01
-3.350000000000000000e+01
-3.350000000000000000e+01
-3.350000000000000000e+01
-3.350000000000000000e+01
-3.350000000000000000e+01
-3.350000000000000000e+01
-3.350000000000000000e+01
-3.350000000000000000e+01
-3.350000000000000000e+01
-3.350000000000000000e+01
-3.350000000000000000e+01
-3.350000000000000000e+01
-3.350000000000000000e+01
-3.350000000000000000e+01
-3.350000000000000000e+01
-3.350000000000000000e+01
-3.350000000000000000e+01
-3.350000000000000000e+01
-3.350000000000000000e+01
-3.350000000000000000e+01
-3.350000000000000000e+01
-3.350000000000000000e+01
-3.350000000000000000e+01
-3.350000000000000000e+01
-3.350000000000000000e+01
-3.350000000000000000e+01
-3.350000000000000000e+01
-3.350000000000000000e+01
-3.350000000000000000e+01
-3.350000000000000000e+01
-3.350000000000000000e+01
-3.350000000000000000e+01
-3.350000000000000000e+01
-3.350000000000000000e+01
-3.350000000000000000e+01
-3.350000000000000000e+01
-3.350000000000000000e+01
-3.350000000000000000e+01
-3.350000000000000000e+01
-3.350000000000000000e+01
-3.350000000000000000e+01
-3.350000000000000000e+01
-3.350000000000000000e+01
-3.350000000000000000e+01
-3.350000000000000000e+01
-3.350000000000000000e+01
-3.350000000000000000e+01
-3.350000000000000000e+01
-3.350000000000000000e+01
-3.350000000000000000e+01
-3.350000000000000000e+01
-3.350000000000000000e+01
-3.350000000000000000e+01
-3.350000000000000000e+01
-3.350000000000000000e+01
-3.350000000000000000e+01
-3.350000000000000000e+01
-3.350000000000000000e+01
-3.350000000000000000e+01
-3.350000000000000000e+01
-3.350000000000000000e+01
-3.350000000000000000e+01
-3.350000000000000000e+01
-3.350000000000000000e+01
-3.350000000000000000e+01
-3.350000000000000000e+01
-3.350000000000000000e+01
-3.350000000000000000e+01
-3.350000000000000000e+01
-3.350000000000000000e+01
-3.350000000000000000e+01
-3.350000000000000000e+01
-3.350000000000000000e+01
-3.350000000000000000e+01
-3.350000000000000000e+01
-3.350000000000000000e+01
-3.350000000000000000e+01
-3.350000000000000000e+01
-3.350000000000000000e+01
-3.350000000000000000e+01
-3.350000000000000000e+01
-3.350000000000000000e+01
-3.350000000000000000e+01
-3.350000000000000000e+01
-3.350000000000000000e+01
-3.350000000000000000e+01
-3.350000000000000000e+01
-3.350000000000000000e+01
-3.350000000000000000e+01
-3.350000000000000000e+01
-3.350000000000000000e+01
-3.350000000000000000e+01
-3.350000000000000000e+01
-3.350000000000000000e+01
-3.350000000000000000e+01
-3.350000000000000000e+01
-3.350000000000000000e+01
-3.350000000000000000e+01
-3.350000000000000000e+01
-3.350000000000000000e+01
-3.350000000000000000e+01
-3.350000000000000000e+01
-3.350000000000000000e+01
-3.350000000000000000e+01
-3.350000000000000000e+01
-3.350000000000000000e+01
-3.350000000000000000e+01
-3.350000000000000000e+01
-3.350000000000000000e+01
-3.350000000000000000e+01
-3.350000000000000000e+01
-3.350000000000000000e+01
-3.350000000000000000e+01
-3.350000000000000000e+01
-3.350000000000000000e+01
-3.350000000000000000e+01
-3.350000000000000000e+01
-3.350000000000000000e+01
-3.350000000000000000e+01
-3.350000000000000000e+01
-3.350000000000000000e+01
-3.350000000000000000e+01
-3.350000000000000000e+01
-3.350000000000000000e+01
-3.350000000000000000e+01
-3.350000000000000000e+01
-3.350000000000000000e+01
-3.350000000000000000e+01
-3.350000000000000000e+01
-3.350000000000000000e+01
-3.350000000000000000e+01
-3.350000000000000000e+01
-3.350000000000000000e+01
-3.350000000000000000e+01
-3.350000000000000000e+01
-3.350000000000000000e+01
-3.350000000000000000e+01
-3.350000000000000000e+01
-3.350000000000000000e+01
-3.350000000000000000e+01
-3.350000000000000000e+01
-3.350000000000000000e+01
-3.350000000000000000e+01
-3.350000000000000000e+01
-3.350000000000000000e+01
-3.350000000000000000e+01
-3.350000000000000000e+01
-3.350000000000000000e+01
-3.350000000000000000e+01
-3.350000000000000000e+01
-3.350000000000000000e+01
-3.350000000000000000e+01
-3.350000000000000000e+01
-3.350000000000000000e+01
-3.350000000000000000e+01
-3.350000000000000000e+01
-3.350000000000000000e+01
-3.350000000000000000e+01
-3.350000000000000000e+01
-3.350000000000000000e+01
-3.350000000000000000e+01
-3.350000000000000000e+01
-3.350000000000000000e+01
-3.350000000000000000e+01
-3.350000000000000000e+01
-3.350000000000000000e+01
-3.350000000000000000e+01
-3.350000000000000000e+01
-3.350000000000000000e+01
-3.350000000000000000e+01
-3.350000000000000000e+01
-3.350000000000000000e+01
-3.350000000000000000e+01
-3.350000000000000000e+01
-3.350000000000000000e+01
-3.350000000000000000e+01
-3.350000000000000000e+01
-3.350000000000000000e+01
-3.350000000000000000e+01
-3.350000000000000000e+01
-3.350000000000000000e+01
-3.350000000000000000e+01
-3.350000000000000000e+01
-3.350000000000000000e+01
-3.350000000000000000e+01
-3.350000000000000000e+01
-3.350000000000000000e+01
-3.350000000000000000e+01
-3.350000000000000000e+01
-3.350000000000000000e+01
-3.350000000000000000e+01
-3.350000000000000000e+01
-3.350000000000000000e+01
-3.350000000000000000e+01
-3.350000000000000000e+01
-3.350000000000000000e+01
-3.350000000000000000e+01
-3.350000000000000000e+01
-3.350000000000000000e+01
-3.350000000000000000e+01
-3.350000000000000000e+01
-3.350000000000000000e+01
-3.350000000000000000e+01
-3.350000000000000000e+01
-3.350000000000000000e+01
-3.350000000000000000e+01
-3.350000000000000000e+01
-3.350000000000000000e+01
-3.350000000000000000e+01
-3.350000000000000000e+01
-3.350000000000000000e+01
-3.350000000000000000e+01
-3.350000000000000000e+01
-3.350000000000000000e+01
-3.350000000000000000e+01
-3.350000000000000000e+01
-3.350000000000000000e+01
-3.350000000000000000e+01
-3.350000000000000000e+01
-3.350000000000000000e+01
-3.350000000000000000e+01
-3.350000000000000000e+01
-3.350000000000000000e+01
-3.350000000000000000e+01
-3.350000000000000000e+01
-3.350000000000000000e+01
-3.350000000000000000e+01
-3.350000000000000000e+01
-3.350000000000000000e+01
-3.350000000000000000e+01
-3.350000000000000000e+01
-3.350000000000000000e+01
-3.350000000000000000e+01
-3.350000000000000000e+01
-3.350000000000000000e+01
-3.350000000000000000e+01
-3.350000000000000000e+01
-3.350000000000000000e+01
-3.350000000000000000e+01
-3.350000000000000000e+01
-3.350000000000000000e+01
-3.350000000000000000e+01
-3.350000000000000000e+01
-3.350000000000000000e+01
-3.350000000000000000e+01
-3.350000000000000000e+01
-3.350000000000000000e+01
-3.350000000000000000e+01
-3.350000000000000000e+01
-3.350000000000000000e+01
-3.350000000000000000e+01
-3.350000000000000000e+01
-3.350000000000000000e+01
-3.350000000000000000e+01
-3.350000000000000000e+01
-3.350000000000000000e+01
-3.350000000000000000e+01
-3.350000000000000000e+01
-3.350000000000000000e+01
-3.350000000000000000e+01
-3.350000000000000000e+01
-3.350000000000000000e+01
-3.350000000000000000e+01
-3.350000000000000000e+01
-3.350000000000000000e+01
-3.350000000000000000e+01
-3.350000000000000000e+01
-3.350000000000000000e+01
-3.350000000000000000e+01
-3.350000000000000000e+01
-3.350000000000000000e+01
-3.350000000000000000e+01
-3.350000000000000000e+01
-3.350000000000000000e+01
-3.350000000000000000e+01
-3.350000000000000000e+01
-3.350000000000000000e+01
-3.350000000000000000e+01
-3.350000000000000000e+01
-3.350000000000000000e+01
-3.350000000000000000e+01
-3.350000000000000000e+01
-3.350000000000000000e+01
-3.350000000000000000e+01
-3.350000000000000000e+01
-3.350000000000000000e+01
-3.350000000000000000e+01
-3.350000000000000000e+01
-3.350000000000000000e+01
-3.350000000000000000e+01
-3.350000000000000000e+01
-3.350000000000000000e+01
-3.350000000000000000e+01
-3.350000000000000000e+01
-3.350000000000000000e+01
-3.350000000000000000e+01
-3.350000000000000000e+01
-3.350000000000000000e+01
-3.350000000000000000e+01
-3.350000000000000000e+01
-3.350000000000000000e+01
-3.350000000000000000e+01
-3.350000000000000000e+01
-3.350000000000000000e+01
-3.350000000000000000e+01
-3.350000000000000000e+01
-3.350000000000000000e+01
-3.350000000000000000e+01
-3.350000000000000000e+01
-3.350000000000000000e+01
-3.350000000000000000e+01
-3.350000000000000000e+01
-3.350000000000000000e+01
-3.350000000000000000e+01
-3.350000000000000000e+01
-3.350000000000000000e+01
-3.350000000000000000e+01
-3.350000000000000000e+01
-3.350000000000000000e+01
-3.350000000000000000e+01
-3.350000000000000000e+01
-3.350000000000000000e+01
-3.350000000000000000e+01
-3.350000000000000000e+01
-3.350000000000000000e+01
-3.350000000000000000e+01
-3.350000000000000000e+01
-3.350000000000000000e+01
-3.350000000000000000e+01
-3.350000000000000000e+01
-3.350000000000000000e+01
-3.350000000000000000e+01
-3.350000000000000000e+01
-3.350000000000000000e+01
-3.350000000000000000e+01
-3.350000000000000000e+01
-3.350000000000000000e+01
-3.350000000000000000e+01
-3.350000000000000000e+01
-3.350000000000000000e+01
-3.350000000000000000e+01
-3.350000000000000000e+01
-3.350000000000000000e+01
-3.350000000000000000e+01
-3.350000000000000000e+01
-3.350000000000000000e+01
-3.350000000000000000e+01
-3.350000000000000000e+01
-3.350000000000000000e+01
-3.350000000000000000e+01
-3.350000000000000000e+01
-3.350000000000000000e+01
-3.350000000000000000e+01
-3.350000000000000000e+01
-3.350000000000000000e+01
-3.350000000000000000e+01
-3.350000000000000000e+01
-3.350000000000000000e+01
-3.350000000000000000e+01
-3.350000000000000000e+01
-3.350000000000000000e+01
-3.350000000000000000e+01
-3.350000000000000000e+01
-3.350000000000000000e+01
-3.350000000000000000e+01
-3.350000000000000000e+01
-3.350000000000000000e+01
-3.350000000000000000e+01
-3.350000000000000000e+01
-3.350000000000000000e+01
-3.350000000000000000e+01
-3.350000000000000000e+01
-3.350000000000000000e+01
-3.350000000000000000e+01
-3.350000000000000000e+01
-3.350000000000000000e+01
-3.350000000000000000e+01
-3.350000000000000000e+01
-3.350000000000000000e+01
-3.350000000000000000e+01
-3.350000000000000000e+01
-3.350000000000000000e+01
-3.350000000000000000e+01
-3.350000000000000000e+01
-3.350000000000000000e+01
-3.350000000000000000e+01
-3.350000000000000000e+01
-3.350000000000000000e+01
-3.350000000000000000e+01
-3.350000000000000000e+01
-3.350000000000000000e+01
-3.350000000000000000e+01
-3.350000000000000000e+01
-3.350000000000000000e+01
-3.350000000000000000e+01
-3.350000000000000000e+01
-3.350000000000000000e+01
-3.350000000000000000e+01
-3.350000000000000000e+01
-3.350000000000000000e+01
-3.350000000000000000e+01
-3.350000000000000000e+01
-3.350000000000000000e+01
-3.350000000000000000e+01
-3.350000000000000000e+01
-3.350000000000000000e+01
-3.350000000000000000e+01
-3.350000000000000000e+01
-3.350000000000000000e+01
-3.350000000000000000e+01
-3.350000000000000000e+01
-3.350000000000000000e+01
-3.350000000000000000e+01
-3.350000000000000000e+01
-3.350000000000000000e+01
-3.350000000000000000e+01
-3.350000000000000000e+01
-3.350000000000000000e+01
-3.350000000000000000e+01
-3.350000000000000000e+01
-3.350000000000000000e+01
-3.350000000000000000e+01
-3.350000000000000000e+01
-3.350000000000000000e+01
