-9.990000000000000000e+02
-9.990000000000000000e+02
-1.062500000000000000e+03
-1.006000000000000000e+03
-1.027500000000000000e+03
-1.021500000000000000e+03
-1.021500000000000000e+03
-1.029500000000000000e+03
-1.053500000000000000e+03
-9.990000000000000000e+02
-1.032500000000000000e+03
-1.034500000000000000e+03
-1.016500000000000000e+03
-1.053500000000000000e+03
-1.014500000000000000e+03
-1.025500000000000000e+03
-1.017000000000000000e+03
-1.033500000000000000e+03
-1.034500000000000000e+03
-1.008500000000000000e+03
-1.057500000000000000e+03
-1.016500000000000000e+03
-1.043500000000000000e+03
-1.018500000000000000e+03
-9.990000000000000000e+02
-1.038500000000000000e+03
-1.069500000000000000e+03
-1.031500000000000000e+03
-1.032500000000000000e+03
-1.056500000000000000e+03
-1.021000000000000000e+03
-1.055500000000000000e+03
-1.052500000000000000e+03
-1.038500000000000000e+03
-1.041500000000000000e+03
-1.059500000000000000e+03
-1.059500000000000000e+03
-1.006000000000000000e+03
-1.040500000000000000e+03
-1.033500000000000000e+03
-1.032500000000000000e+03
-1.033500000000000000e+03
-1.037500000000000000e+03
-1.034500000000000000e+03
-1.064500000000000000e+03
-1.057500000000000000e+03
-1.025500000000000000e+03
-1.061500000000000000e+03
-9.990000000000000000e+02
-1.087500000000000000e+03
-1.067500000000000000e+03
-1.095500000000000000e+03
-1.037000000000000000e+03
-1.075500000000000000e+03
-1.008500000000000000e+03
-1.036500000000000000e+03
-1.097500000000000000e+03
-1.063500000000000000e+03
-1.106500000000000000e+03
-1.081500000000000000e+03
-1.025500000000000000e+03
-1.029500000000000000e+03
-1.088500000000000000e+03
-1.100500000000000000e+03
-1.069500000000000000e+03
-1.079500000000000000e+03
-1.028500000000000000e+03
-1.090500000000000000e+03
-1.075500000000000000e+03
-9.990000000000000000e+02
-9.950000000000000000e+01
-1.051500000000000000e+03
-1.090500000000000000e+03
-1.035500000000000000e+03
-7.850000000000000000e+01
-1.081500000000000000e+03
-1.105000000000000000e+02
-1.045500000000000000e+03
-1.104500000000000000e+03
-1.040500000000000000e+03
-1.054500000000000000e+03
-1.036500000000000000e+03
-1.063500000000000000e+03
-8.050000000000000000e+01
-1.745000000000000000e+02
-1.051500000000000000e+03
-5.250000000000000000e+01
-1.066500000000000000e+03
-1.044500000000000000e+03
-3.850000000000000000e+01
-1.006000000000000000e+03
-5.150000000000000000e+01
-9.850000000000000000e+01
-4.850000000000000000e+01
-9.990000000000000000e+02
-7.650000000000000000e+01
-1.045500000000000000e+03
-8.750000000000000000e+01
-8.150000000000000000e+01
-6.950000000000000000e+01
-7.550000000000000000e+01
-9.990000000000000000e+02
-1.405000000000000000e+02
-9.990000000000000000e+02
-9.550000000000000000e+01
-4.050000000000000000e+01
-1.042500000000000000e+03
-1.029500000000000000e+03
-3.550000000000000000e+01
-1.033000000000000000e+03
-4.050000000000000000e+01
-4.750000000000000000e+01
-1.061500000000000000e+03
-3.450000000000000000e+01
-6.950000000000000000e+01
-4.550000000000000000e+01
-9.990000000000000000e+02
-1.006000000000000000e+03
-1.087500000000000000e+03
-1.070500000000000000e+03
-3.850000000000000000e+01
-3.650000000000000000e+01
-6.150000000000000000e+01
-6.650000000000000000e+01
-8.250000000000000000e+01
-8.850000000000000000e+01
-1.068500000000000000e+03
-2.950000000000000000e+01
-1.014500000000000000e+03
-1.235000000000000000e+02
-4.350000000000000000e+01
-9.990000000000000000e+02
-2.550000000000000000e+01
-9.990000000000000000e+02
-8.250000000000000000e+01
-3.650000000000000000e+01
-2.950000000000000000e+01
-7.050000000000000000e+01
-7.850000000000000000e+01
-5.550000000000000000e+01
-2.950000000000000000e+01
-1.068500000000000000e+03
-2.950000000000000000e+01
-1.008500000000000000e+03
-5.750000000000000000e+01
-4.050000000000000000e+01
-2.950000000000000000e+01
-4.150000000000000000e+01
-1.042500000000000000e+03
-2.550000000000000000e+01
-1.081500000000000000e+03
-1.035000000000000000e+03
-5.250000000000000000e+01
-3.650000000000000000e+01
-4.850000000000000000e+01
-1.071500000000000000e+03
-2.950000000000000000e+01
-1.057500000000000000e+03
-6.750000000000000000e+01
-2.950000000000000000e+01
-4.950000000000000000e+01
-1.078500000000000000e+03
-4.150000000000000000e+01
-3.250000000000000000e+01
-6.950000000000000000e+01
-3.650000000000000000e+01
-2.950000000000000000e+01
-9.050000000000000000e+01
-1.042500000000000000e+03
-4.250000000000000000e+01
-4.250000000000000000e+01
-1.059500000000000000e+03
-3.650000000000000000e+01
-5.850000000000000000e+01
-3.850000000000000000e+01
-9.990000000000000000e+02
-1.059500000000000000e+03
-3.650000000000000000e+01
-5.250000000000000000e+01
-2.950000000000000000e+01
-4.150000000000000000e+01
-4.850000000000000000e+01
-3.450000000000000000e+01
-6.550000000000000000e+01
-1.044500000000000000e+03
-6.750000000000000000e+01
-4.150000000000000000e+01
-5.850000000000000000e+01
-4.750000000000000000e+01
-4.050000000000000000e+01
-3.650000000000000000e+01
-2.550000000000000000e+01
-8.850000000000000000e+01
-6.750000000000000000e+01
-2.950000000000000000e+01
-4.450000000000000000e+01
-2.950000000000000000e+01
-4.150000000000000000e+01
-4.050000000000000000e+01
-4.950000000000000000e+01
-3.950000000000000000e+01
-2.550000000000000000e+01
-2.950000000000000000e+01
-4.350000000000000000e+01
-2.950000000000000000e+01
-4.550000000000000000e+01
-2.550000000000000000e+01
-5.750000000000000000e+01
-2.950000000000000000e+01
-1.077500000000000000e+03
-3.250000000000000000e+01
-2.950000000000000000e+01
-1.033500000000000000e+03
-1.059000000000000000e+03
-2.550000000000000000e+01
-1.042500000000000000e+03
-5.650000000000000000e+01
-2.550000000000000000e+01
-2.950000000000000000e+01
-2.550000000000000000e+01
-4.250000000000000000e+01
-2.550000000000000000e+01
-2.950000000000000000e+01
-1.067500000000000000e+03
-2.550000000000000000e+01
-8.250000000000000000e+01
-9.990000000000000000e+02
-2.550000000000000000e+01
-2.950000000000000000e+01
-9.990000000000000000e+02
-2.550000000000000000e+01
-3.250000000000000000e+01
-2.550000000000000000e+01
-2.550000000000000000e+01
-2.950000000000000000e+01
-5.850000000000000000e+01
-2.550000000000000000e+01
-2.550000000000000000e+01
-9.990000000000000000e+02
-2.550000000000000000e+01
-2.550000000000000000e+01
-2.550000000000000000e+01
-1.037500000000000000e+03
-2.550000000000000000e+01
-1.023500000000000000e+03
-9.990000000000000000e+02
-2.550000000000000000e+01
-2.550000000000000000e+01
-2.550000000000000000e+01
-2.550000000000000000e+01
-1.006000000000000000e+03
-2.550000000000000000e+01
-2.550000000000000000e+01
-2.550000000000000000e+01
-2.550000000000000000e+01
-2.550000000000000000e+01
-2.550000000000000000e+01
-2.550000000000000000e+01
-1.014500000000000000e+03
-2.550000000000000000e+01
-2.550000000000000000e+01
-2.550000000000000000e+01
-2.550000000000000000e+01
-4.050000000000000000e+01
-2.550000000000000000e+01
-2.550000000000000000e+01
-2.550000000000000000e+01
-1.028500000000000000e+03
-2.850000000000000000e+01
-2.550000000000000000e+01
-2.550000000000000000e+01
-2.550000000000000000e+01
-1.006000000000000000e+03
-2.550000000000000000e+01
-2.550000000000000000e+01
-2.550000000000000000e+01
-2.550000000000000000e+01
-3.050000000000000000e+01
-2.550000000000000000e+01
-4.050000000000000000e+01
-2.550000000000000000e+01
-2.550000000000000000e+01
-2.550000000000000000e+01
-2.550000000000000000e+01
-2.550000000000000000e+01
-2.550000000000000000e+01
-2.550000000000000000e+01
-1.029500000000000000e+03
-2.550000000000000000e+01
-2.550000000000000000e+01
-2.550000000000000000e+01
-2.550000000000000000e+01
-2.550000000000000000e+01
-2.550000000000000000e+01
-2.550000000000000000e+01
-2.550000000000000000e+01
-2.550000000000000000e+01
-2.550000000000000000e+01
-1.023500000000000000e+03
-4.250000000000000000e+01
-2.550000000000000000e+01
-2.550000000000000000e+01
-2.550000000000000000e+01
-2.550000000000000000e+01
-2.550000000000000000e+01
-2.550000000000000000e+01
-2.550000000000000000e+01
-2.550000000000000000e+01
-2.550000000000000000e+01
-2.550000000000000000e+01
-2.550000000000000000e+01
-2.550000000000000000e+01
-2.550000000000000000e+01
-2.550000000000000000e+01
-3.250000000000000000e+01
-2.550000000000000000e+01
-2.550000000000000000e+01
-2.550000000000000000e+01
-1.014500000000000000e+03
-2.550000000000000000e+01
-2.550000000000000000e+01
-2.550000000000000000e+01
-2.550000000000000000e+01
-2.550000000000000000e+01
-2.550000000000000000e+01
-2.550000000000000000e+01
-2.550000000000000000e+01
-2.550000000000000000e+01
-4.050000000000000000e+01
-1.014500000000000000e+03
-2.550000000000000000e+01
-2.550000000000000000e+01
-2.550000000000000000e+01
-2.550000000000000000e+01
-2.550000000000000000e+01
-2.550000000000000000e+01
-1.029500000000000000e+03
-2.550000000000000000e+01
-2.550000000000000000e+01
-3.450000000000000000e+01
-2.850000000000000000e+01
-2.550000000000000000e+01
-1.023500000000000000e+03
-2.550000000000000000e+01
-2.550000000000000000e+01
-2.550000000000000000e+01
-2.550000000000000000e+01
-2.550000000000000000e+01
-2.550000000000000000e+01
-2.550000000000000000e+01
-2.550000000000000000e+01
-2.550000000000000000e+01
-2.550000000000000000e+01
-2.550000000000000000e+01
-9.990000000000000000e+02
-1.028500000000000000e+03
-2.550000000000000000e+01
-2.550000000000000000e+01
-2.550000000000000000e+01
-2.550000000000000000e+01
-2.550000000000000000e+01
-2.550000000000000000e+01
-2.550000000000000000e+01
-2.550000000000000000e+01
-2.550000000000000000e+01
-2.550000000000000000e+01
-2.550000000000000000e+01
-2.550000000000000000e+01
-2.550000000000000000e+01
-2.550000000000000000e+01
-2.550000000000000000e+01
-2.550000000000000000e+01
-1.014500000000000000e+03
-2.550000000000000000e+01
-2.550000000000000000e+01
-2.550000000000000000e+01
-1.006000000000000000e+03
-2.550000000000000000e+01
-2.550000000000000000e+01
-2.550000000000000000e+01
-2.550000000000000000e+01
-2.550000000000000000e+01
-2.550000000000000000e+01
-2.550000000000000000e+01
-2.550000000000000000e+01
-2.550000000000000000e+01
-2.550000000000000000e+01
-2.550000000000000000e+01
-2.550000000000000000e+01
-2.550000000000000000e+01
-2.550000000000000000e+01
-2.550000000000000000e+01
-2.550000000000000000e+01
-2.550000000000000000e+01
-2.550000000000000000e+01
-1.029500000000000000e+03
-2.550000000000000000e+01
-2.550000000000000000e+01
-2.550000000000000000e+01
-2.550000000000000000e+01
-2.550000000000000000e+01
-2.550000000000000000e+01
-2.550000000000000000e+01
-2.550000000000000000e+01
-2.550000000000000000e+01
-2.550000000000000000e+01
-9.990000000000000000e+02
-2.550000000000000000e+01
-2.550000000000000000e+01
-2.550000000000000000e+01
-2.550000000000000000e+01
-2.550000000000000000e+01
-2.550000000000000000e+01
-2.550000000000000000e+01
-2.550000000000000000e+01
-2.550000000000000000e+01
-2.550000000000000000e+01
-2.550000000000000000e+01
-2.550000000000000000e+01
-4.050000000000000000e+01
-2.550000000000000000e+01
-2.550000000000000000e+01
-2.550000000000000000e+01
-2.550000000000000000e+01
-2.550000000000000000e+01
-2.550000000000000000e+01
-2.550000000000000000e+01
-2.550000000000000000e+01
-2.550000000000000000e+01
-2.550000000000000000e+01
-2.550000000000000000e+01
-2.550000000000000000e+01
-2.550000000000000000e+01
-2.550000000000000000e+01
-2.550000000000000000e+01
-2.550000000000000000e+01
-2.550000000000000000e+01
-2.550000000000000000e+01
-2.550000000000000000e+01
-2.550000000000000000e+01
-2.550000000000000000e+01
-2.550000000000000000e+01
-2.550000000000000000e+01
-2.550000000000000000e+01
-2.550000000000000000e+01
-2.550000000000000000e+01
-2.550000000000000000e+01
-2.550000000000000000e+01
-2.550000000000000000e+01
-2.550000000000000000e+01
-2.550000000000000000e+01
-2.550000000000000000e+01
-2.550000000000000000e+01
-2.550000000000000000e+01
-2.550000000000000000e+01
-2.550000000000000000e+01
-2.550000000000000000e+01
-2.550000000000000000e+01
-2.550000000000000000e+01
-2.550000000000000000e+01
-2.550000000000000000e+01
-2.550000000000000000e+01
-2.550000000000000000e+01
-2.550000000000000000e+01
-2.550000000000000000e+01
-2.550000000000000000e+01
-2.550000000000000000e+01
-2.550000000000000000e+01
-2.550000000000000000e+01
-2.550000000000000000e+01
-2.550000000000000000e+01
-2.550000000000000000e+01
-2.550000000000000000e+01
-2.550000000000000000e+01
-2.550000000000000000e+01
-2.550000000000000000e+01
-2.550000000000000000e+01
-2.550000000000000000e+01
-2.550000000000000000e+01
-2.550000000000000000e+01
-2.550000000000000000e+01
-2.550000000000000000e+01
-2.550000000000000000e+01
-2.550000000000000000e+01
-2.550000000000000000e+01
-2.550000000000000000e+01
-2.550000000000000000e+01
-2.550000000000000000e+01
-2.550000000000000000e+01
-2.550000000000000000e+01
-2.550000000000000000e+01
-2.550000000000000000e+01
-2.550000000000000000e+01
-2.550000000000000000e+01
-2.550000000000000000e+01
-2.550000000000000000e+01
-2.550000000000000000e+01
-2.550000000000000000e+01
-2.550000000000000000e+01
-2.550000000000000000e+01
