-9.900000000000000000e+01
-1.510000000000000000e+02
-9.900000000000000000e+01
-1.285000000000000000e+02
-1.085000000000000000e+02
-1.070000000000000000e+02
-1.470000000000000000e+02
-1.380000000000000000e+02
-2.360000000000000000e+02
-1.310000000000000000e+02
-9.900000000000000000e+01
-1.070000000000000000e+02
-1.715000000000000000e+02
-1.430000000000000000e+02
-2.690000000000000000e+02
-1.690000000000000000e+02
-2.740000000000000000e+02
-1.320000000000000000e+02
-2.060000000000000000e+02
-6.600000000000000000e+01
-1.160000000000000000e+02
-2.015000000000000000e+02
-2.010000000000000000e+02
-2.005000000000000000e+02
-1.435000000000000000e+02
-1.255000000000000000e+02
-1.295000000000000000e+02
-2.365000000000000000e+02
-9.900000000000000000e+01
-1.380000000000000000e+02
-8.400000000000000000e+01
-7.950000000000000000e+01
-4.200000000000000000e+01
-1.290000000000000000e+02
-6.550000000000000000e+01
-1.215000000000000000e+02
-1.425000000000000000e+02
-4.350000000000000000e+01
-6.800000000000000000e+01
-2.760000000000000000e+02
-9.200000000000000000e+01
-6.200000000000000000e+01
-1.450000000000000000e+02
-3.900000000000000000e+01
-4.200000000000000000e+01
-8.100000000000000000e+01
-6.700000000000000000e+01
-6.750000000000000000e+01
-1.255000000000000000e+02
-1.540000000000000000e+02
-9.900000000000000000e+01
-6.200000000000000000e+01
-1.070000000000000000e+02
-9.050000000000000000e+01
-4.650000000000000000e+01
-4.050000000000000000e+01
-7.200000000000000000e+01
-4.350000000000000000e+01
-4.200000000000000000e+01
-8.400000000000000000e+01
-6.750000000000000000e+01
-1.395000000000000000e+02
-6.650000000000000000e+01
-1.635000000000000000e+02
-4.200000000000000000e+01
-5.050000000000000000e+01
-1.095000000000000000e+02
-3.750000000000000000e+01
-7.850000000000000000e+01
-4.350000000000000000e+01
-1.605000000000000000e+02
-4.050000000000000000e+01
-9.900000000000000000e+01
-9.900000000000000000e+01
-3.750000000000000000e+01
-4.200000000000000000e+01
-4.800000000000000000e+01
-1.380000000000000000e+02
-5.250000000000000000e+01
-5.250000000000000000e+01
-5.900000000000000000e+01
-4.700000000000000000e+01
-5.100000000000000000e+01
-5.050000000000000000e+01
-7.250000000000000000e+01
-3.750000000000000000e+01
-7.400000000000000000e+01
-4.050000000000000000e+01
-5.300000000000000000e+01
-4.850000000000000000e+01
-4.050000000000000000e+01
-3.750000000000000000e+01
-6.100000000000000000e+01
-1.305000000000000000e+02
-4.200000000000000000e+01
-1.395000000000000000e+02
-7.150000000000000000e+01
-4.050000000000000000e+01
-6.050000000000000000e+01
-5.700000000000000000e+01
-4.050000000000000000e+01
-5.200000000000000000e+01
-4.200000000000000000e+01
-4.200000000000000000e+01
-4.400000000000000000e+01
-4.050000000000000000e+01
-4.200000000000000000e+01
-5.850000000000000000e+01
-4.050000000000000000e+01
-1.155000000000000000e+02
-9.900000000000000000e+01
-3.750000000000000000e+01
-4.350000000000000000e+01
-4.350000000000000000e+01
-3.900000000000000000e+01
-5.700000000000000000e+01
-3.750000000000000000e+01
-4.350000000000000000e+01
-6.200000000000000000e+01
-6.450000000000000000e+01
-3.750000000000000000e+01
-5.400000000000000000e+01
-3.750000000000000000e+01
-3.900000000000000000e+01
-4.050000000000000000e+01
-5.550000000000000000e+01
-1.215000000000000000e+02
-5.450000000000000000e+01
-5.100000000000000000e+01
-4.050000000000000000e+01
-4.050000000000000000e+01
-3.750000000000000000e+01
-4.050000000000000000e+01
-3.750000000000000000e+01
-7.350000000000000000e+01
-9.900000000000000000e+01
-4.050000000000000000e+01
-3.750000000000000000e+01
-3.750000000000000000e+01
-5.350000000000000000e+01
-4.350000000000000000e+01
-3.750000000000000000e+01
-9.900000000000000000e+01
-1.085000000000000000e+02
-4.850000000000000000e+01
-9.900000000000000000e+01
-3.750000000000000000e+01
-3.750000000000000000e+01
-3.750000000000000000e+01
-4.050000000000000000e+01
-7.150000000000000000e+01
-3.900000000000000000e+01
-3.750000000000000000e+01
-6.350000000000000000e+01
-3.750000000000000000e+01
-1.305000000000000000e+02
-3.750000000000000000e+01
-3.750000000000000000e+01
-4.050000000000000000e+01
-3.750000000000000000e+01
-4.400000000000000000e+01
-7.400000000000000000e+01
-4.450000000000000000e+01
-4.200000000000000000e+01
-4.350000000000000000e+01
-3.750000000000000000e+01
-3.750000000000000000e+01
-3.750000000000000000e+01
-3.750000000000000000e+01
-1.155000000000000000e+02
-5.500000000000000000e+01
-3.750000000000000000e+01
-4.650000000000000000e+01
-4.200000000000000000e+01
-1.155000000000000000e+02
-4.050000000000000000e+01
-3.900000000000000000e+01
-5.400000000000000000e+01
-3.750000000000000000e+01
-3.750000000000000000e+01
-3.750000000000000000e+01
-3.750000000000000000e+01
-1.085000000000000000e+02
-3.750000000000000000e+01
-4.050000000000000000e+01
-3.750000000000000000e+01
-3.750000000000000000e+01
-3.750000000000000000e+01
-5.050000000000000000e+01
-3.750000000000000000e+01
-1.215000000000000000e+02
-3.750000000000000000e+01
-1.085000000000000000e+02
-1.155000000000000000e+02
-3.750000000000000000e+01
-3.750000000000000000e+01
-3.750000000000000000e+01
-3.750000000000000000e+01
-1.085000000000000000e+02
-4.200000000000000000e+01
-4.850000000000000000e+01
-9.900000000000000000e+01
-3.750000000000000000e+01
-4.250000000000000000e+01
-3.900000000000000000e+01
-3.750000000000000000e+01
-3.750000000000000000e+01
-3.750000000000000000e+01
-4.650000000000000000e+01
-3.750000000000000000e+01
-1.400000000000000000e+02
-9.900000000000000000e+01
-1.400000000000000000e+02
-4.200000000000000000e+01
-3.750000000000000000e+01
-3.900000000000000000e+01
-3.750000000000000000e+01
-3.750000000000000000e+01
-3.750000000000000000e+01
-3.750000000000000000e+01
-3.750000000000000000e+01
-3.750000000000000000e+01
-3.750000000000000000e+01
-3.750000000000000000e+01
-4.050000000000000000e+01
-3.750000000000000000e+01
-5.050000000000000000e+01
-3.750000000000000000e+01
-1.320000000000000000e+02
-3.750000000000000000e+01
-4.650000000000000000e+01
-4.850000000000000000e+01
-1.085000000000000000e+02
-3.750000000000000000e+01
-3.750000000000000000e+01
-5.750000000000000000e+01
-3.750000000000000000e+01
-4.050000000000000000e+01
-4.050000000000000000e+01
-4.400000000000000000e+01
-3.750000000000000000e+01
-3.750000000000000000e+01
-3.750000000000000000e+01
-1.215000000000000000e+02
-4.850000000000000000e+01
-3.750000000000000000e+01
-3.750000000000000000e+01
-3.750000000000000000e+01
-1.085000000000000000e+02
-9.900000000000000000e+01
-3.750000000000000000e+01
-5.250000000000000000e+01
-1.215000000000000000e+02
-3.750000000000000000e+01
-1.415000000000000000e+02
-3.750000000000000000e+01
-3.750000000000000000e+01
-3.750000000000000000e+01
-3.750000000000000000e+01
-4.050000000000000000e+01
-1.155000000000000000e+02
-3.750000000000000000e+01
-1.085000000000000000e+02
-3.750000000000000000e+01
-3.750000000000000000e+01
-5.600000000000000000e+01
-4.450000000000000000e+01
-3.750000000000000000e+01
-3.750000000000000000e+01
-3.750000000000000000e+01
-1.265000000000000000e+02
-3.750000000000000000e+01
-9.900000000000000000e+01
-4.850000000000000000e+01
-3.750000000000000000e+01
-4.650000000000000000e+01
-3.750000000000000000e+01
-3.750000000000000000e+01
-3.750000000000000000e+01
-3.900000000000000000e+01
-5.600000000000000000e+01
-1.085000000000000000e+02
-9.900000000000000000e+01
-3.750000000000000000e+01
-3.750000000000000000e+01
-3.750000000000000000e+01
-1.335000000000000000e+02
-1.335000000000000000e+02
-3.750000000000000000e+01
-3.750000000000000000e+01
-9.900000000000000000e+01
-3.750000000000000000e+01
-1.085000000000000000e+02
-3.750000000000000000e+01
-3.750000000000000000e+01
-5.050000000000000000e+01
-1.335000000000000000e+02
-3.750000000000000000e+01
-5.050000000000000000e+01
-3.750000000000000000e+01
-3.750000000000000000e+01
-3.750000000000000000e+01
-4.050000000000000000e+01
-1.305000000000000000e+02
-3.750000000000000000e+01
-3.750000000000000000e+01
-3.750000000000000000e+01
-3.750000000000000000e+01
-1.335000000000000000e+02
-3.750000000000000000e+01
-3.750000000000000000e+01
-3.750000000000000000e+01
-3.750000000000000000e+01
-1.305000000000000000e+02
-4.650000000000000000e+01
-3.750000000000000000e+01
-1.215000000000000000e+02
-3.750000000000000000e+01
-3.750000000000000000e+01
-3.750000000000000000e+01
-1.265000000000000000e+02
-3.750000000000000000e+01
-9.900000000000000000e+01
-3.750000000000000000e+01
-3.750000000000000000e+01
-3.750000000000000000e+01
-3.750000000000000000e+01
-3.750000000000000000e+01
-3.750000000000000000e+01
-3.750000000000000000e+01
-4.050000000000000000e+01
-3.750000000000000000e+01
-3.750000000000000000e+01
-5.400000000000000000e+01
-3.750000000000000000e+01
-3.750000000000000000e+01
-3.750000000000000000e+01
-5.500000000000000000e+01
-4.450000000000000000e+01
-3.750000000000000000e+01
-3.750000000000000000e+01
-3.750000000000000000e+01
-3.750000000000000000e+01
-3.750000000000000000e+01
-1.215000000000000000e+02
-3.750000000000000000e+01
-3.750000000000000000e+01
-1.085000000000000000e+02
-1.085000000000000000e+02
-3.750000000000000000e+01
-3.750000000000000000e+01
-4.050000000000000000e+01
-4.400000000000000000e+01
-3.750000000000000000e+01
-1.265000000000000000e+02
-1.305000000000000000e+02
-3.750000000000000000e+01
-3.750000000000000000e+01
-5.600000000000000000e+01
-3.750000000000000000e+01
-3.750000000000000000e+01
-3.750000000000000000e+01
-3.750000000000000000e+01
-3.750000000000000000e+01
-4.400000000000000000e+01
-9.900000000000000000e+01
-3.750000000000000000e+01
-1.215000000000000000e+02
-5.400000000000000000e+01
-3.750000000000000000e+01
-5.400000000000000000e+01
-3.750000000000000000e+01
-3.750000000000000000e+01
-3.750000000000000000e+01
-3.750000000000000000e+01
-1.305000000000000000e+02
-3.750000000000000000e+01
-3.750000000000000000e+01
-3.750000000000000000e+01
-3.750000000000000000e+01
-3.750000000000000000e+01
-3.750000000000000000e+01
-5.300000000000000000e+01
-5.050000000000000000e+01
-1.215000000000000000e+02
-3.750000000000000000e+01
-3.750000000000000000e+01
-3.750000000000000000e+01
-4.200000000000000000e+01
-3.750000000000000000e+01
-1.335000000000000000e+02
-3.750000000000000000e+01
-3.750000000000000000e+01
-9.900000000000000000e+01
-3.750000000000000000e+01
-3.750000000000000000e+01
-3.750000000000000000e+01
-3.750000000000000000e+01
-3.750000000000000000e+01
-3.750000000000000000e+01
-3.750000000000000000e+01
-3.750000000000000000e+01
-4.200000000000000000e+01
-3.750000000000000000e+01
-9.900000000000000000e+01
-3.750000000000000000e+01
-3.750000000000000000e+01
-4.450000000000000000e+01
-3.750000000000000000e+01
-1.305000000000000000e+02
-3.750000000000000000e+01
-1.335000000000000000e+02
-3.750000000000000000e+01
-3.750000000000000000e+01
-3.750000000000000000e+01
-3.750000000000000000e+01
-3.750000000000000000e+01
-3.750000000000000000e+01
-3.750000000000000000e+01
-4.650000000000000000e+01
-3.750000000000000000e+01
-3.750000000000000000e+01
-4.450000000000000000e+01
-4.050000000000000000e+01
-3.750000000000000000e+01
-3.750000000000000000e+01
-9.900000000000000000e+01
-3.750000000000000000e+01
-3.750000000000000000e+01
-4.850000000000000000e+01
-1.215000000000000000e+02
-3.750000000000000000e+01
-3.750000000000000000e+01
-1.215000000000000000e+02
-3.750000000000000000e+01
-1.535000000000000000e+02
-3.750000000000000000e+01
-9.900000000000000000e+01
-3.750000000000000000e+01
-1.340000000000000000e+02
-3.750000000000000000e+01
-6.300000000000000000e+01
-3.750000000000000000e+01
-3.750000000000000000e+01
-3.750000000000000000e+01
-3.750000000000000000e+01
-1.155000000000000000e+02
-3.750000000000000000e+01
-3.750000000000000000e+01
-3.750000000000000000e+01
-3.750000000000000000e+01
-3.750000000000000000e+01
-3.750000000000000000e+01
-3.750000000000000000e+01
-4.250000000000000000e+01
-3.750000000000000000e+01
-4.850000000000000000e+01
-3.750000000000000000e+01
-5.050000000000000000e+01
-3.750000000000000000e+01
-3.750000000000000000e+01
-1.265000000000000000e+02
-3.750000000000000000e+01
-3.750000000000000000e+01
-3.750000000000000000e+01
-6.300000000000000000e+01
-3.750000000000000000e+01
-3.750000000000000000e+01
-3.750000000000000000e+01
-3.750000000000000000e+01
-3.750000000000000000e+01
-5.050000000000000000e+01
-9.900000000000000000e+01
-3.750000000000000000e+01
-4.050000000000000000e+01
-3.750000000000000000e+01
-3.750000000000000000e+01
-3.750000000000000000e+01
-3.750000000000000000e+01
-3.750000000000000000e+01
-3.750000000000000000e+01
-3.750000000000000000e+01
-3.750000000000000000e+01
-3.750000000000000000e+01
-3.750000000000000000e+01
-3.750000000000000000e+01
-3.750000000000000000e+01
-3.750000000000000000e+01
-5.600000000000000000e+01
-3.750000000000000000e+01
-1.155000000000000000e+02
-3.750000000000000000e+01
-3.750000000000000000e+01
-3.750000000000000000e+01
-9.900000000000000000e+01
-3.750000000000000000e+01
-3.750000000000000000e+01
-9.900000000000000000e+01
-3.750000000000000000e+01
-1.215000000000000000e+02
-3.750000000000000000e+01
-3.750000000000000000e+01
-9.900000000000000000e+01
-3.750000000000000000e+01
-3.750000000000000000e+01
-3.750000000000000000e+01
-1.155000000000000000e+02
-3.750000000000000000e+01
-4.250000000000000000e+01
-3.750000000000000000e+01
-3.750000000000000000e+01
-9.900000000000000000e+01
-3.750000000000000000e+01
-3.750000000000000000e+01
-3.750000000000000000e+01
-3.750000000000000000e+01
-3.750000000000000000e+01
-3.750000000000000000e+01
-3.750000000000000000e+01
-3.750000000000000000e+01
-3.750000000000000000e+01
-3.750000000000000000e+01
-3.750000000000000000e+01
-4.400000000000000000e+01
-3.750000000000000000e+01
-4.050000000000000000e+01
-1.155000000000000000e+02
-3.750000000000000000e+01
-3.750000000000000000e+01
-3.750000000000000000e+01
-3.750000000000000000e+01
-3.750000000000000000e+01
-3.750000000000000000e+01
-3.750000000000000000e+01
-3.750000000000000000e+01
-3.750000000000000000e+01
-3.750000000000000000e+01
-4.200000000000000000e+01
-3.750000000000000000e+01
-1.155000000000000000e+02
-3.750000000000000000e+01
-3.750000000000000000e+01
-5.050000000000000000e+01
-3.750000000000000000e+01
-3.750000000000000000e+01
-3.750000000000000000e+01
-3.750000000000000000e+01
-3.750000000000000000e+01
-4.200000000000000000e+01
-3.750000000000000000e+01
-3.750000000000000000e+01
-3.750000000000000000e+01
-3.750000000000000000e+01
-3.750000000000000000e+01
-3.900000000000000000e+01
-3.750000000000000000e+01
-3.750000000000000000e+01
-3.750000000000000000e+01
-4.650000000000000000e+01
-3.750000000000000000e+01
-3.750000000000000000e+01
-3.750000000000000000e+01
-3.750000000000000000e+01
-3.750000000000000000e+01
-3.750000000000000000e+01
-3.750000000000000000e+01
-3.750000000000000000e+01
-3.750000000000000000e+01
-5.400000000000000000e+01
-5.600000000000000000e+01
-3.750000000000000000e+01
-4.050000000000000000e+01
-3.750000000000000000e+01
-4.200000000000000000e+01
-3.750000000000000000e+01
-3.750000000000000000e+01
-3.750000000000000000e+01
-3.750000000000000000e+01
-3.750000000000000000e+01
-3.750000000000000000e+01
-3.750000000000000000e+01
-3.900000000000000000e+01
-3.750000000000000000e+01
-3.750000000000000000e+01
-3.750000000000000000e+01
-9.900000000000000000e+01
-3.750000000000000000e+01
-3.750000000000000000e+01
-3.750000000000000000e+01
-3.750000000000000000e+01
-3.750000000000000000e+01
-3.750000000000000000e+01
-3.750000000000000000e+01
-3.750000000000000000e+01
-3.750000000000000000e+01
-3.750000000000000000e+01
-3.750000000000000000e+01
-3.750000000000000000e+01
-3.750000000000000000e+01
-3.750000000000000000e+01
-3.750000000000000000e+01
-3.750000000000000000e+01
-3.750000000000000000e+01
-3.750000000000000000e+01
-1.155000000000000000e+02
-3.750000000000000000e+01
-3.750000000000000000e+01
-3.750000000000000000e+01
-3.750000000000000000e+01
-3.750000000000000000e+01
-3.750000000000000000e+01
-3.750000000000000000e+01
-3.750000000000000000e+01
-3.900000000000000000e+01
-3.750000000000000000e+01
-3.750000000000000000e+01
-3.750000000000000000e+01
-3.750000000000000000e+01
-3.750000000000000000e+01
-4.200000000000000000e+01
-3.750000000000000000e+01
-3.750000000000000000e+01
-3.750000000000000000e+01
-1.335000000000000000e+02
-3.750000000000000000e+01
-3.750000000000000000e+01
-3.750000000000000000e+01
-3.750000000000000000e+01
-1.305000000000000000e+02
-3.750000000000000000e+01
-3.750000000000000000e+01
-3.750000000000000000e+01
-3.750000000000000000e+01
-3.750000000000000000e+01
-3.750000000000000000e+01
-3.750000000000000000e+01
-4.450000000000000000e+01
-3.750000000000000000e+01
-3.750000000000000000e+01
-3.750000000000000000e+01
-3.750000000000000000e+01
-3.750000000000000000e+01
-3.750000000000000000e+01
-3.750000000000000000e+01
-4.450000000000000000e+01
-3.750000000000000000e+01
-5.250000000000000000e+01
-4.250000000000000000e+01
-4.450000000000000000e+01
-3.750000000000000000e+01
-3.750000000000000000e+01
-3.750000000000000000e+01
-3.750000000000000000e+01
-3.750000000000000000e+01
-3.750000000000000000e+01
-3.750000000000000000e+01
-3.750000000000000000e+01
-3.750000000000000000e+01
-4.200000000000000000e+01
-3.750000000000000000e+01
-3.750000000000000000e+01
-3.750000000000000000e+01
-3.750000000000000000e+01
-3.750000000000000000e+01
-5.050000000000000000e+01
-3.750000000000000000e+01
-3.750000000000000000e+01
-3.750000000000000000e+01
-3.750000000000000000e+01
-1.305000000000000000e+02
-3.750000000000000000e+01
-3.750000000000000000e+01
-3.750000000000000000e+01
-3.750000000000000000e+01
-9.900000000000000000e+01
-3.750000000000000000e+01
-4.250000000000000000e+01
-3.750000000000000000e+01
-3.750000000000000000e+01
-5.050000000000000000e+01
-3.750000000000000000e+01
-5.050000000000000000e+01
-4.400000000000000000e+01
-3.750000000000000000e+01
-3.750000000000000000e+01
-3.750000000000000000e+01
-3.750000000000000000e+01
-3.750000000000000000e+01
-1.155000000000000000e+02
-3.750000000000000000e+01
-5.400000000000000000e+01
-4.050000000000000000e+01
-3.750000000000000000e+01
-3.750000000000000000e+01
-3.750000000000000000e+01
-3.750000000000000000e+01
-1.155000000000000000e+02
-3.750000000000000000e+01
-3.900000000000000000e+01
-3.750000000000000000e+01
-3.750000000000000000e+01
-3.750000000000000000e+01
-3.750000000000000000e+01
-3.750000000000000000e+01
-3.750000000000000000e+01
-3.750000000000000000e+01
-3.750000000000000000e+01
-3.750000000000000000e+01
-5.050000000000000000e+01
-3.750000000000000000e+01
-3.750000000000000000e+01
-5.550000000000000000e+01
-3.750000000000000000e+01
-3.750000000000000000e+01
-3.750000000000000000e+01
-4.250000000000000000e+01
-3.750000000000000000e+01
-3.750000000000000000e+01
-3.750000000000000000e+01
-3.750000000000000000e+01
-3.750000000000000000e+01
-3.750000000000000000e+01
-3.750000000000000000e+01
-3.750000000000000000e+01
-3.750000000000000000e+01
-3.750000000000000000e+01
-5.050000000000000000e+01
-3.750000000000000000e+01
-1.335000000000000000e+02
-3.750000000000000000e+01
-3.750000000000000000e+01
-3.750000000000000000e+01
-3.750000000000000000e+01
-3.750000000000000000e+01
-3.750000000000000000e+01
-3.750000000000000000e+01
-3.750000000000000000e+01
-3.750000000000000000e+01
-3.900000000000000000e+01
-3.750000000000000000e+01
-3.750000000000000000e+01
-1.155000000000000000e+02
-3.750000000000000000e+01
-3.750000000000000000e+01
-5.400000000000000000e+01
-3.750000000000000000e+01
-9.900000000000000000e+01
-4.200000000000000000e+01
-3.750000000000000000e+01
-3.750000000000000000e+01
-3.750000000000000000e+01
-3.750000000000000000e+01
-3.750000000000000000e+01
-3.750000000000000000e+01
-3.750000000000000000e+01
-3.750000000000000000e+01
-3.750000000000000000e+01
-3.750000000000000000e+01
-3.750000000000000000e+01
-3.750000000000000000e+01
-3.750000000000000000e+01
-4.250000000000000000e+01
-3.750000000000000000e+01
-3.750000000000000000e+01
-3.750000000000000000e+01
-3.900000000000000000e+01
-3.750000000000000000e+01
-3.750000000000000000e+01
-3.750000000000000000e+01
-4.850000000000000000e+01
-3.750000000000000000e+01
-3.750000000000000000e+01
-3.750000000000000000e+01
-3.750000000000000000e+01
-4.850000000000000000e+01
-1.085000000000000000e+02
-3.750000000000000000e+01
-3.750000000000000000e+01
-3.750000000000000000e+01
-3.750000000000000000e+01
-3.750000000000000000e+01
-3.750000000000000000e+01
-3.750000000000000000e+01
-3.750000000000000000e+01
-3.750000000000000000e+01
-3.750000000000000000e+01
-3.750000000000000000e+01
-3.750000000000000000e+01
-4.250000000000000000e+01
-3.750000000000000000e+01
-3.750000000000000000e+01
-3.750000000000000000e+01
-3.750000000000000000e+01
-3.750000000000000000e+01
-3.750000000000000000e+01
-3.750000000000000000e+01
-3.750000000000000000e+01
-3.750000000000000000e+01
-3.750000000000000000e+01
-3.750000000000000000e+01
-3.750000000000000000e+01
-3.750000000000000000e+01
-3.750000000000000000e+01
-3.750000000000000000e+01
-3.750000000000000000e+01
-3.750000000000000000e+01
-3.750000000000000000e+01
-3.750000000000000000e+01
-3.750000000000000000e+01
-3.750000000000000000e+01
-3.750000000000000000e+01
-3.750000000000000000e+01
-3.750000000000000000e+01
-3.750000000000000000e+01
-1.085000000000000000e+02
-3.750000000000000000e+01
-3.900000000000000000e+01
-3.750000000000000000e+01
-3.750000000000000000e+01
-3.900000000000000000e+01
-3.750000000000000000e+01
-3.750000000000000000e+01
-3.750000000000000000e+01
-3.750000000000000000e+01
-3.750000000000000000e+01
-4.400000000000000000e+01
-3.750000000000000000e+01
-3.750000000000000000e+01
-4.450000000000000000e+01
-3.750000000000000000e+01
-3.750000000000000000e+01
-3.750000000000000000e+01
-3.900000000000000000e+01
-3.750000000000000000e+01
-3.750000000000000000e+01
-3.750000000000000000e+01
-3.750000000000000000e+01
-3.750000000000000000e+01
-3.750000000000000000e+01
-1.085000000000000000e+02
-3.750000000000000000e+01
-3.750000000000000000e+01
-3.750000000000000000e+01
-4.850000000000000000e+01
-3.750000000000000000e+01
-3.750000000000000000e+01
-3.750000000000000000e+01
-1.265000000000000000e+02
-3.750000000000000000e+01
-3.750000000000000000e+01
-3.750000000000000000e+01
-5.600000000000000000e+01
-3.750000000000000000e+01
-3.750000000000000000e+01
-4.450000000000000000e+01
-4.050000000000000000e+01
-9.900000000000000000e+01
-3.750000000000000000e+01
-4.650000000000000000e+01
-3.750000000000000000e+01
-3.750000000000000000e+01
-3.750000000000000000e+01
-4.200000000000000000e+01
-3.750000000000000000e+01
-4.200000000000000000e+01
-3.750000000000000000e+01
-3.750000000000000000e+01
-3.750000000000000000e+01
-3.750000000000000000e+01
-3.750000000000000000e+01
-3.750000000000000000e+01
-3.750000000000000000e+01
-3.750000000000000000e+01
-3.750000000000000000e+01
-3.750000000000000000e+01
-3.750000000000000000e+01
-3.750000000000000000e+01
-3.750000000000000000e+01
-1.085000000000000000e+02
-3.750000000000000000e+01
-3.750000000000000000e+01
-3.750000000000000000e+01
-3.750000000000000000e+01
-3.750000000000000000e+01
-4.650000000000000000e+01
-3.750000000000000000e+01
-3.750000000000000000e+01
-4.250000000000000000e+01
-3.750000000000000000e+01
-3.750000000000000000e+01
-3.750000000000000000e+01
-3.750000000000000000e+01
-3.750000000000000000e+01
-3.750000000000000000e+01
-3.750000000000000000e+01
-3.750000000000000000e+01
-3.750000000000000000e+01
-3.750000000000000000e+01
-3.750000000000000000e+01
-3.750000000000000000e+01
-3.750000000000000000e+01
-3.750000000000000000e+01
-3.750000000000000000e+01
-4.650000000000000000e+01
-3.750000000000000000e+01
-3.750000000000000000e+01
-3.750000000000000000e+01
-3.750000000000000000e+01
-3.750000000000000000e+01
-3.750000000000000000e+01
-3.750000000000000000e+01
-3.750000000000000000e+01
-3.750000000000000000e+01
-3.750000000000000000e+01
-3.750000000000000000e+01
-3.750000000000000000e+01
-1.215000000000000000e+02
-3.750000000000000000e+01
-3.750000000000000000e+01
-3.750000000000000000e+01
-3.750000000000000000e+01
-3.750000000000000000e+01
-3.750000000000000000e+01
-3.750000000000000000e+01
-3.750000000000000000e+01
-3.750000000000000000e+01
-3.750000000000000000e+01
-3.750000000000000000e+01
-3.750000000000000000e+01
-3.750000000000000000e+01
-3.750000000000000000e+01
-3.750000000000000000e+01
-3.750000000000000000e+01
-3.750000000000000000e+01
-3.750000000000000000e+01
-3.750000000000000000e+01
-3.750000000000000000e+01
-3.750000000000000000e+01
-3.750000000000000000e+01
-3.750000000000000000e+01
-3.750000000000000000e+01
-3.750000000000000000e+01
-3.750000000000000000e+01
-1.155000000000000000e+02
-3.750000000000000000e+01
-4.650000000000000000e+01
-3.750000000000000000e+01
-3.750000000000000000e+01
-3.750000000000000000e+01
-3.750000000000000000e+01
-3.750000000000000000e+01
-3.750000000000000000e+01
-3.750000000000000000e+01
-3.750000000000000000e+01
-3.750000000000000000e+01
-3.750000000000000000e+01
-9.900000000000000000e+01
-3.750000000000000000e+01
-1.305000000000000000e+02
-3.750000000000000000e+01
-3.750000000000000000e+01
-3.750000000000000000e+01
-3.750000000000000000e+01
-3.750000000000000000e+01
-3.750000000000000000e+01
-3.750000000000000000e+01
-3.750000000000000000e+01
-4.650000000000000000e+01
-3.750000000000000000e+01
-3.750000000000000000e+01
-9.900000000000000000e+01
-1.215000000000000000e+02
-3.750000000000000000e+01
-9.900000000000000000e+01
-1.305000000000000000e+02
-5.600000000000000000e+01
-3.750000000000000000e+01
-3.750000000000000000e+01
-9.900000000000000000e+01
-3.750000000000000000e+01
-3.750000000000000000e+01
-5.400000000000000000e+01
-3.750000000000000000e+01
-3.750000000000000000e+01
-5.400000000000000000e+01
-3.750000000000000000e+01
-3.750000000000000000e+01
-3.750000000000000000e+01
-4.850000000000000000e+01
-3.750000000000000000e+01
-3.750000000000000000e+01
-3.750000000000000000e+01
-3.750000000000000000e+01
-3.750000000000000000e+01
-4.050000000000000000e+01
-1.155000000000000000e+02
-3.750000000000000000e+01
-3.750000000000000000e+01
-3.750000000000000000e+01
-3.750000000000000000e+01
