-1.300000000000000000e+02
-1.425000000000000000e+02
-1.120000000000000000e+02
-1.185000000000000000e+02
-1.060000000000000000e+02
-1.075000000000000000e+02
-1.270000000000000000e+02
-1.395000000000000000e+02
-2.635000000000000000e+02
-1.515000000000000000e+02
-2.950000000000000000e+01
-1.910000000000000000e+02
-1.060000000000000000e+02
-8.300000000000000000e+01
-1.255000000000000000e+02
-1.555000000000000000e+02
-1.465000000000000000e+02
-2.215000000000000000e+02
-1.705000000000000000e+02
-6.900000000000000000e+01
-1.415000000000000000e+02
-1.520000000000000000e+02
-4.650000000000000000e+01
-4.400000000000000000e+01
-1.155000000000000000e+02
-3.800000000000000000e+01
-2.950000000000000000e+01
-4.150000000000000000e+01
-1.210000000000000000e+02
-9.900000000000000000e+01
-1.175000000000000000e+02
-7.950000000000000000e+01
-9.600000000000000000e+01
-4.450000000000000000e+01
-9.900000000000000000e+01
-9.900000000000000000e+01
-3.100000000000000000e+01
-8.050000000000000000e+01
-6.450000000000000000e+01
-3.650000000000000000e+01
-4.200000000000000000e+01
-1.655000000000000000e+02
-9.900000000000000000e+01
-9.900000000000000000e+01
-8.850000000000000000e+01
-7.500000000000000000e+01
-6.950000000000000000e+01
-4.700000000000000000e+01
-6.400000000000000000e+01
-4.150000000000000000e+01
-4.100000000000000000e+01
-3.900000000000000000e+01
-3.100000000000000000e+01
-3.400000000000000000e+01
-3.250000000000000000e+01
-2.950000000000000000e+01
-6.150000000000000000e+01
-5.450000000000000000e+01
-6.400000000000000000e+01
-1.565000000000000000e+02
-6.900000000000000000e+01
-5.050000000000000000e+01
-3.650000000000000000e+01
-2.950000000000000000e+01
-5.800000000000000000e+01
-1.170000000000000000e+02
-3.250000000000000000e+01
-4.750000000000000000e+01
-4.550000000000000000e+01
-3.250000000000000000e+01
-6.700000000000000000e+01
-7.650000000000000000e+01
-4.150000000000000000e+01
-3.100000000000000000e+01
-5.050000000000000000e+01
-3.250000000000000000e+01
-5.150000000000000000e+01
-2.950000000000000000e+01
-3.100000000000000000e+01
-5.900000000000000000e+01
-3.250000000000000000e+01
-1.170000000000000000e+02
-3.550000000000000000e+01
-5.050000000000000000e+01
-1.060000000000000000e+02
-3.100000000000000000e+01
-6.950000000000000000e+01
-2.950000000000000000e+01
-3.250000000000000000e+01
-6.100000000000000000e+01
-4.050000000000000000e+01
-3.950000000000000000e+01
-3.100000000000000000e+01
-4.000000000000000000e+01
-1.275000000000000000e+02
-3.250000000000000000e+01
-2.950000000000000000e+01
-3.250000000000000000e+01
-3.250000000000000000e+01
-6.850000000000000000e+01
-3.100000000000000000e+01
-3.750000000000000000e+01
-2.950000000000000000e+01
-3.100000000000000000e+01
-3.400000000000000000e+01
-8.500000000000000000e+01
-3.100000000000000000e+01
-3.100000000000000000e+01
-1.370000000000000000e+02
-2.950000000000000000e+01
-2.950000000000000000e+01
-4.000000000000000000e+01
-3.800000000000000000e+01
-3.400000000000000000e+01
-1.135000000000000000e+02
-3.400000000000000000e+01
-4.800000000000000000e+01
-5.850000000000000000e+01
-3.250000000000000000e+01
-3.100000000000000000e+01
-3.100000000000000000e+01
-2.950000000000000000e+01
-3.250000000000000000e+01
-3.400000000000000000e+01
-2.950000000000000000e+01
-2.950000000000000000e+01
-2.950000000000000000e+01
-3.100000000000000000e+01
-9.900000000000000000e+01
-3.100000000000000000e+01
-4.000000000000000000e+01
-3.100000000000000000e+01
-3.250000000000000000e+01
-3.450000000000000000e+01
-3.100000000000000000e+01
-2.950000000000000000e+01
-1.135000000000000000e+02
-1.060000000000000000e+02
-2.950000000000000000e+01
-1.280000000000000000e+02
-3.100000000000000000e+01
-3.100000000000000000e+01
-1.300000000000000000e+02
-2.950000000000000000e+01
-3.400000000000000000e+01
-3.250000000000000000e+01
-2.950000000000000000e+01
-2.950000000000000000e+01
-3.100000000000000000e+01
-2.950000000000000000e+01
-2.950000000000000000e+01
-3.100000000000000000e+01
-3.100000000000000000e+01
-2.950000000000000000e+01
-1.075000000000000000e+02
-1.060000000000000000e+02
-3.100000000000000000e+01
-2.950000000000000000e+01
-2.950000000000000000e+01
-3.100000000000000000e+01
-3.100000000000000000e+01
-3.400000000000000000e+01
-3.650000000000000000e+01
-5.950000000000000000e+01
-2.950000000000000000e+01
-4.450000000000000000e+01
-1.120000000000000000e+02
-1.285000000000000000e+02
-3.550000000000000000e+01
-9.900000000000000000e+01
-4.050000000000000000e+01
-3.450000000000000000e+01
-3.100000000000000000e+01
-3.650000000000000000e+01
-4.400000000000000000e+01
-3.100000000000000000e+01
-2.950000000000000000e+01
-4.150000000000000000e+01
-2.950000000000000000e+01
-3.850000000000000000e+01
-2.950000000000000000e+01
-2.950000000000000000e+01
-3.100000000000000000e+01
-3.100000000000000000e+01
-2.950000000000000000e+01
-3.250000000000000000e+01
-2.950000000000000000e+01
-2.950000000000000000e+01
-2.950000000000000000e+01
-2.950000000000000000e+01
-2.950000000000000000e+01
-9.900000000000000000e+01
-2.950000000000000000e+01
-2.950000000000000000e+01
-9.900000000000000000e+01
-4.050000000000000000e+01
-3.950000000000000000e+01
-2.950000000000000000e+01
-1.225000000000000000e+02
-2.950000000000000000e+01
-2.950000000000000000e+01
-3.400000000000000000e+01
-3.550000000000000000e+01
-2.950000000000000000e+01
-2.950000000000000000e+01
-9.900000000000000000e+01
-3.400000000000000000e+01
-1.155000000000000000e+02
-5.850000000000000000e+01
-1.290000000000000000e+02
-1.135000000000000000e+02
-2.950000000000000000e+01
-2.950000000000000000e+01
-2.950000000000000000e+01
-2.950000000000000000e+01
-2.950000000000000000e+01
-4.900000000000000000e+01
-2.950000000000000000e+01
-2.950000000000000000e+01
-1.060000000000000000e+02
-3.250000000000000000e+01
-2.950000000000000000e+01
-3.100000000000000000e+01
-2.950000000000000000e+01
-2.950000000000000000e+01
-2.950000000000000000e+01
-3.250000000000000000e+01
-2.950000000000000000e+01
-2.950000000000000000e+01
-4.050000000000000000e+01
-2.950000000000000000e+01
-2.950000000000000000e+01
-3.400000000000000000e+01
-2.950000000000000000e+01
-3.850000000000000000e+01
-3.400000000000000000e+01
-3.900000000000000000e+01
-3.850000000000000000e+01
-2.950000000000000000e+01
-2.950000000000000000e+01
-2.950000000000000000e+01
-2.950000000000000000e+01
-2.950000000000000000e+01
-2.950000000000000000e+01
-3.450000000000000000e+01
-2.950000000000000000e+01
-2.950000000000000000e+01
-2.950000000000000000e+01
-2.950000000000000000e+01
-2.950000000000000000e+01
-2.950000000000000000e+01
-2.950000000000000000e+01
-3.400000000000000000e+01
-2.950000000000000000e+01
-2.950000000000000000e+01
-2.950000000000000000e+01
-4.450000000000000000e+01
-2.950000000000000000e+01
-2.950000000000000000e+01
-2.950000000000000000e+01
-2.950000000000000000e+01
-2.950000000000000000e+01
-2.950000000000000000e+01
-2.950000000000000000e+01
-2.950000000000000000e+01
-2.950000000000000000e+01
-2.950000000000000000e+01
-2.950000000000000000e+01
-2.950000000000000000e+01
-3.550000000000000000e+01
-4.050000000000000000e+01
-2.950000000000000000e+01
-2.950000000000000000e+01
-2.950000000000000000e+01
-2.950000000000000000e+01
-2.950000000000000000e+01
-2.950000000000000000e+01
-2.950000000000000000e+01
-1.170000000000000000e+02
-2.950000000000000000e+01
-2.950000000000000000e+01
-1.210000000000000000e+02
-2.950000000000000000e+01
-2.950000000000000000e+01
-2.950000000000000000e+01
-2.950000000000000000e+01
-2.950000000000000000e+01
-2.950000000000000000e+01
-2.950000000000000000e+01
-4.300000000000000000e+01
-2.950000000000000000e+01
-2.950000000000000000e+01
-2.950000000000000000e+01
-2.950000000000000000e+01
-2.950000000000000000e+01
-4.550000000000000000e+01
-2.950000000000000000e+01
-2.950000000000000000e+01
-2.950000000000000000e+01
-3.650000000000000000e+01
-4.300000000000000000e+01
-2.950000000000000000e+01
-4.150000000000000000e+01
-2.950000000000000000e+01
-1.120000000000000000e+02
-2.950000000000000000e+01
-2.950000000000000000e+01
-3.100000000000000000e+01
-9.900000000000000000e+01
-2.950000000000000000e+01
-2.950000000000000000e+01
-2.950000000000000000e+01
-2.950000000000000000e+01
-2.950000000000000000e+01
-2.950000000000000000e+01
-2.950000000000000000e+01
-1.285000000000000000e+02
-2.950000000000000000e+01
-2.950000000000000000e+01
-2.950000000000000000e+01
-2.950000000000000000e+01
-2.950000000000000000e+01
-2.950000000000000000e+01
-2.950000000000000000e+01
-2.950000000000000000e+01
-2.950000000000000000e+01
-3.250000000000000000e+01
-2.950000000000000000e+01
-2.950000000000000000e+01
-1.120000000000000000e+02
-3.400000000000000000e+01
-2.950000000000000000e+01
-1.230000000000000000e+02
-2.950000000000000000e+01
-2.950000000000000000e+01
-2.950000000000000000e+01
-2.950000000000000000e+01
-3.850000000000000000e+01
-1.170000000000000000e+02
-2.950000000000000000e+01
-2.950000000000000000e+01
-2.950000000000000000e+01
-2.950000000000000000e+01
-2.950000000000000000e+01
-2.950000000000000000e+01
-3.400000000000000000e+01
-2.950000000000000000e+01
-2.950000000000000000e+01
-9.900000000000000000e+01
-2.950000000000000000e+01
-2.950000000000000000e+01
-2.950000000000000000e+01
-2.950000000000000000e+01
-2.950000000000000000e+01
-2.950000000000000000e+01
-2.950000000000000000e+01
-1.170000000000000000e+02
-3.450000000000000000e+01
-2.950000000000000000e+01
-2.950000000000000000e+01
-2.950000000000000000e+01
-4.350000000000000000e+01
-2.950000000000000000e+01
-2.950000000000000000e+01
-2.950000000000000000e+01
-2.950000000000000000e+01
-1.290000000000000000e+02
-9.900000000000000000e+01
-2.950000000000000000e+01
-2.950000000000000000e+01
-2.950000000000000000e+01
-2.950000000000000000e+01
-2.950000000000000000e+01
-4.150000000000000000e+01
-2.950000000000000000e+01
-9.900000000000000000e+01
-2.950000000000000000e+01
-2.950000000000000000e+01
-2.950000000000000000e+01
-2.950000000000000000e+01
-2.950000000000000000e+01
-2.950000000000000000e+01
-3.100000000000000000e+01
-3.850000000000000000e+01
-4.750000000000000000e+01
-2.950000000000000000e+01
-2.950000000000000000e+01
-2.950000000000000000e+01
-2.950000000000000000e+01
-2.950000000000000000e+01
-9.900000000000000000e+01
-3.100000000000000000e+01
-2.950000000000000000e+01
-2.950000000000000000e+01
-2.950000000000000000e+01
-2.950000000000000000e+01
-2.950000000000000000e+01
-2.950000000000000000e+01
-3.450000000000000000e+01
-2.950000000000000000e+01
-3.400000000000000000e+01
-2.950000000000000000e+01
-2.950000000000000000e+01
-2.950000000000000000e+01
-2.950000000000000000e+01
-2.950000000000000000e+01
-1.060000000000000000e+02
-2.950000000000000000e+01
-4.000000000000000000e+01
-2.950000000000000000e+01
-2.950000000000000000e+01
-2.950000000000000000e+01
-2.950000000000000000e+01
-2.950000000000000000e+01
-2.950000000000000000e+01
-2.950000000000000000e+01
-2.950000000000000000e+01
-2.950000000000000000e+01
-2.950000000000000000e+01
-2.950000000000000000e+01
-4.250000000000000000e+01
-2.950000000000000000e+01
-2.950000000000000000e+01
-2.950000000000000000e+01
-2.950000000000000000e+01
-3.650000000000000000e+01
-3.650000000000000000e+01
-2.950000000000000000e+01
-4.250000000000000000e+01
-2.950000000000000000e+01
-3.450000000000000000e+01
-2.950000000000000000e+01
-3.100000000000000000e+01
-2.950000000000000000e+01
-2.950000000000000000e+01
-2.950000000000000000e+01
-2.950000000000000000e+01
-2.950000000000000000e+01
-2.950000000000000000e+01
-1.230000000000000000e+02
-2.950000000000000000e+01
-2.950000000000000000e+01
-2.950000000000000000e+01
-1.060000000000000000e+02
-2.950000000000000000e+01
-2.950000000000000000e+01
-2.950000000000000000e+01
-2.950000000000000000e+01
-2.950000000000000000e+01
-2.950000000000000000e+01
-2.950000000000000000e+01
-3.800000000000000000e+01
-3.450000000000000000e+01
-2.950000000000000000e+01
-2.950000000000000000e+01
-2.950000000000000000e+01
-2.950000000000000000e+01
-2.950000000000000000e+01
-4.250000000000000000e+01
-2.950000000000000000e+01
-2.950000000000000000e+01
-2.950000000000000000e+01
-2.950000000000000000e+01
-2.950000000000000000e+01
-1.120000000000000000e+02
-2.950000000000000000e+01
-2.950000000000000000e+01
-2.950000000000000000e+01
-2.950000000000000000e+01
-4.700000000000000000e+01
-3.100000000000000000e+01
-2.950000000000000000e+01
-3.850000000000000000e+01
-1.225000000000000000e+02
-2.950000000000000000e+01
-2.950000000000000000e+01
-2.950000000000000000e+01
-9.900000000000000000e+01
-2.950000000000000000e+01
-2.950000000000000000e+01
-2.950000000000000000e+01
-2.950000000000000000e+01
-2.950000000000000000e+01
-2.950000000000000000e+01
-3.450000000000000000e+01
-2.950000000000000000e+01
-2.950000000000000000e+01
-4.450000000000000000e+01
-1.210000000000000000e+02
-2.950000000000000000e+01
-2.950000000000000000e+01
-2.950000000000000000e+01
-2.950000000000000000e+01
-2.950000000000000000e+01
-2.950000000000000000e+01
-2.950000000000000000e+01
-2.950000000000000000e+01
-2.950000000000000000e+01
-1.210000000000000000e+02
-2.950000000000000000e+01
-2.950000000000000000e+01
-2.950000000000000000e+01
-2.950000000000000000e+01
-9.900000000000000000e+01
-3.100000000000000000e+01
-2.950000000000000000e+01
-3.400000000000000000e+01
-2.950000000000000000e+01
-2.950000000000000000e+01
-2.950000000000000000e+01
-2.950000000000000000e+01
-3.450000000000000000e+01
-2.950000000000000000e+01
-2.950000000000000000e+01
-2.950000000000000000e+01
-2.950000000000000000e+01
-4.450000000000000000e+01
-3.400000000000000000e+01
-2.950000000000000000e+01
-3.650000000000000000e+01
-2.950000000000000000e+01
-3.450000000000000000e+01
-2.950000000000000000e+01
-2.950000000000000000e+01
-9.900000000000000000e+01
-2.950000000000000000e+01
-2.950000000000000000e+01
-2.950000000000000000e+01
-2.950000000000000000e+01
-2.950000000000000000e+01
-2.950000000000000000e+01
-2.950000000000000000e+01
-2.950000000000000000e+01
-1.210000000000000000e+02
-2.950000000000000000e+01
-3.450000000000000000e+01
-9.900000000000000000e+01
-2.950000000000000000e+01
-2.950000000000000000e+01
-2.950000000000000000e+01
-1.210000000000000000e+02
-2.950000000000000000e+01
-2.950000000000000000e+01
-2.950000000000000000e+01
-3.800000000000000000e+01
-2.950000000000000000e+01
-2.950000000000000000e+01
-2.950000000000000000e+01
-2.950000000000000000e+01
-3.400000000000000000e+01
-1.120000000000000000e+02
-2.950000000000000000e+01
-2.950000000000000000e+01
-2.950000000000000000e+01
-3.100000000000000000e+01
-2.950000000000000000e+01
-9.900000000000000000e+01
-1.060000000000000000e+02
-1.230000000000000000e+02
-3.900000000000000000e+01
-2.950000000000000000e+01
-2.950000000000000000e+01
-2.950000000000000000e+01
-2.950000000000000000e+01
-2.950000000000000000e+01
-2.950000000000000000e+01
-2.950000000000000000e+01
-2.950000000000000000e+01
-3.400000000000000000e+01
-2.950000000000000000e+01
-2.950000000000000000e+01
-2.950000000000000000e+01
-2.950000000000000000e+01
-3.850000000000000000e+01
-2.950000000000000000e+01
-2.950000000000000000e+01
-2.950000000000000000e+01
-2.950000000000000000e+01
-2.950000000000000000e+01
-2.950000000000000000e+01
-3.100000000000000000e+01
-9.900000000000000000e+01
-2.950000000000000000e+01
-2.950000000000000000e+01
-4.450000000000000000e+01
-2.950000000000000000e+01
-2.950000000000000000e+01
-1.120000000000000000e+02
-2.950000000000000000e+01
-2.950000000000000000e+01
-9.900000000000000000e+01
-1.435000000000000000e+02
-3.800000000000000000e+01
-3.450000000000000000e+01
-2.950000000000000000e+01
-3.800000000000000000e+01
-2.950000000000000000e+01
-3.850000000000000000e+01
-2.950000000000000000e+01
-2.950000000000000000e+01
-3.450000000000000000e+01
-2.950000000000000000e+01
-2.950000000000000000e+01
-2.950000000000000000e+01
-2.950000000000000000e+01
-2.950000000000000000e+01
-2.950000000000000000e+01
-3.400000000000000000e+01
-2.950000000000000000e+01
-2.950000000000000000e+01
-2.950000000000000000e+01
-2.950000000000000000e+01
-2.950000000000000000e+01
-2.950000000000000000e+01
-1.170000000000000000e+02
-2.950000000000000000e+01
-3.100000000000000000e+01
-1.120000000000000000e+02
-2.950000000000000000e+01
-3.850000000000000000e+01
-2.950000000000000000e+01
-2.950000000000000000e+01
-4.050000000000000000e+01
-2.950000000000000000e+01
-9.900000000000000000e+01
-2.950000000000000000e+01
-1.120000000000000000e+02
-2.950000000000000000e+01
-2.950000000000000000e+01
-2.950000000000000000e+01
-2.950000000000000000e+01
-2.950000000000000000e+01
-2.950000000000000000e+01
-2.950000000000000000e+01
-2.950000000000000000e+01
-2.950000000000000000e+01
-1.060000000000000000e+02
-2.950000000000000000e+01
-2.950000000000000000e+01
-2.950000000000000000e+01
-2.950000000000000000e+01
-2.950000000000000000e+01
-2.950000000000000000e+01
-4.250000000000000000e+01
-2.950000000000000000e+01
-2.950000000000000000e+01
-1.210000000000000000e+02
-2.950000000000000000e+01
-2.950000000000000000e+01
-2.950000000000000000e+01
-2.950000000000000000e+01
-2.950000000000000000e+01
-3.100000000000000000e+01
-2.950000000000000000e+01
-3.450000000000000000e+01
-2.950000000000000000e+01
-2.950000000000000000e+01
-3.800000000000000000e+01
-3.450000000000000000e+01
-2.950000000000000000e+01
-2.950000000000000000e+01
-2.950000000000000000e+01
-2.950000000000000000e+01
-2.950000000000000000e+01
-2.950000000000000000e+01
-2.950000000000000000e+01
-2.950000000000000000e+01
-2.950000000000000000e+01
-2.950000000000000000e+01
-2.950000000000000000e+01
-2.950000000000000000e+01
-2.950000000000000000e+01
-1.120000000000000000e+02
-9.900000000000000000e+01
-2.950000000000000000e+01
-2.950000000000000000e+01
-2.950000000000000000e+01
-2.950000000000000000e+01
-2.950000000000000000e+01
-2.950000000000000000e+01
-2.950000000000000000e+01
-2.950000000000000000e+01
-2.950000000000000000e+01
-2.950000000000000000e+01
-3.100000000000000000e+01
-2.950000000000000000e+01
-4.450000000000000000e+01
-3.100000000000000000e+01
-2.950000000000000000e+01
-2.950000000000000000e+01
-2.950000000000000000e+01
-2.950000000000000000e+01
-2.950000000000000000e+01
-3.100000000000000000e+01
-2.950000000000000000e+01
-2.950000000000000000e+01
-2.950000000000000000e+01
-2.950000000000000000e+01
-2.950000000000000000e+01
-2.950000000000000000e+01
-2.950000000000000000e+01
-2.950000000000000000e+01
-2.950000000000000000e+01
-2.950000000000000000e+01
-2.950000000000000000e+01
-2.950000000000000000e+01
-2.950000000000000000e+01
-2.950000000000000000e+01
-2.950000000000000000e+01
-3.850000000000000000e+01
-2.950000000000000000e+01
-5.750000000000000000e+01
-2.950000000000000000e+01
-2.950000000000000000e+01
-2.950000000000000000e+01
-2.950000000000000000e+01
-3.450000000000000000e+01
-9.900000000000000000e+01
-2.950000000000000000e+01
-2.950000000000000000e+01
-2.950000000000000000e+01
-2.950000000000000000e+01
-2.950000000000000000e+01
-2.950000000000000000e+01
-3.100000000000000000e+01
-2.950000000000000000e+01
-2.950000000000000000e+01
-3.100000000000000000e+01
-2.950000000000000000e+01
-2.950000000000000000e+01
-2.950000000000000000e+01
-2.950000000000000000e+01
-2.950000000000000000e+01
-2.950000000000000000e+01
-2.950000000000000000e+01
-2.950000000000000000e+01
-2.950000000000000000e+01
-2.950000000000000000e+01
-2.950000000000000000e+01
-1.120000000000000000e+02
-2.950000000000000000e+01
-2.950000000000000000e+01
-9.900000000000000000e+01
-2.950000000000000000e+01
-9.900000000000000000e+01
-2.950000000000000000e+01
-1.060000000000000000e+02
-2.950000000000000000e+01
-3.650000000000000000e+01
-3.650000000000000000e+01
-2.950000000000000000e+01
-9.900000000000000000e+01
-2.950000000000000000e+01
-2.950000000000000000e+01
-3.800000000000000000e+01
-2.950000000000000000e+01
-2.950000000000000000e+01
-2.950000000000000000e+01
-2.950000000000000000e+01
-2.950000000000000000e+01
-3.850000000000000000e+01
-2.950000000000000000e+01
-2.950000000000000000e+01
-2.950000000000000000e+01
-2.950000000000000000e+01
-2.950000000000000000e+01
-2.950000000000000000e+01
-2.950000000000000000e+01
-2.950000000000000000e+01
-2.950000000000000000e+01
-2.950000000000000000e+01
-1.120000000000000000e+02
-3.650000000000000000e+01
-2.950000000000000000e+01
-3.450000000000000000e+01
-2.950000000000000000e+01
-2.950000000000000000e+01
-2.950000000000000000e+01
-1.120000000000000000e+02
-2.950000000000000000e+01
-1.120000000000000000e+02
-1.210000000000000000e+02
-2.950000000000000000e+01
-1.190000000000000000e+02
-3.650000000000000000e+01
-2.950000000000000000e+01
-3.400000000000000000e+01
-2.950000000000000000e+01
-2.950000000000000000e+01
-2.950000000000000000e+01
-2.950000000000000000e+01
-2.950000000000000000e+01
-2.950000000000000000e+01
-2.950000000000000000e+01
-2.950000000000000000e+01
-2.950000000000000000e+01
-2.950000000000000000e+01
-2.950000000000000000e+01
-3.400000000000000000e+01
-2.950000000000000000e+01
-2.950000000000000000e+01
-2.950000000000000000e+01
-2.950000000000000000e+01
-2.950000000000000000e+01
-2.950000000000000000e+01
-2.950000000000000000e+01
-4.450000000000000000e+01
-2.950000000000000000e+01
-2.950000000000000000e+01
-2.950000000000000000e+01
-2.950000000000000000e+01
-2.950000000000000000e+01
-2.950000000000000000e+01
-2.950000000000000000e+01
-2.950000000000000000e+01
-2.950000000000000000e+01
-2.950000000000000000e+01
-2.950000000000000000e+01
-2.950000000000000000e+01
-2.950000000000000000e+01
-2.950000000000000000e+01
-1.170000000000000000e+02
-2.950000000000000000e+01
-2.950000000000000000e+01
-2.950000000000000000e+01
-3.850000000000000000e+01
-2.950000000000000000e+01
-2.950000000000000000e+01
-2.950000000000000000e+01
-2.950000000000000000e+01
-2.950000000000000000e+01
-3.800000000000000000e+01
-2.950000000000000000e+01
-2.950000000000000000e+01
-2.950000000000000000e+01
-2.950000000000000000e+01
-2.950000000000000000e+01
-3.800000000000000000e+01
-2.950000000000000000e+01
-2.950000000000000000e+01
-2.950000000000000000e+01
-2.950000000000000000e+01
-2.950000000000000000e+01
-2.950000000000000000e+01
-2.950000000000000000e+01
-2.950000000000000000e+01
-2.950000000000000000e+01
-4.050000000000000000e+01
-2.950000000000000000e+01
-2.950000000000000000e+01
-3.400000000000000000e+01
-3.100000000000000000e+01
-2.950000000000000000e+01
-2.950000000000000000e+01
-2.950000000000000000e+01
-3.450000000000000000e+01
-3.450000000000000000e+01
-2.950000000000000000e+01
-2.950000000000000000e+01
-3.400000000000000000e+01
-9.900000000000000000e+01
-2.950000000000000000e+01
-2.950000000000000000e+01
-2.950000000000000000e+01
-2.950000000000000000e+01
-2.950000000000000000e+01
-2.950000000000000000e+01
-2.950000000000000000e+01
-2.950000000000000000e+01
-2.950000000000000000e+01
-2.950000000000000000e+01
-2.950000000000000000e+01
-2.950000000000000000e+01
-2.950000000000000000e+01
-2.950000000000000000e+01
-2.950000000000000000e+01
-2.950000000000000000e+01
-2.950000000000000000e+01
-2.950000000000000000e+01
-2.950000000000000000e+01
-2.950000000000000000e+01
-2.950000000000000000e+01
-2.950000000000000000e+01
-2.950000000000000000e+01
-3.850000000000000000e+01
-4.250000000000000000e+01
-3.450000000000000000e+01
-2.950000000000000000e+01
-2.950000000000000000e+01
-2.950000000000000000e+01
-3.450000000000000000e+01
-9.900000000000000000e+01
-3.650000000000000000e+01
-2.950000000000000000e+01
-2.950000000000000000e+01
-2.950000000000000000e+01
-9.900000000000000000e+01
-2.950000000000000000e+01
-2.950000000000000000e+01
-2.950000000000000000e+01
-2.950000000000000000e+01
-2.950000000000000000e+01
-2.950000000000000000e+01
-2.950000000000000000e+01
-9.900000000000000000e+01
-3.800000000000000000e+01
-2.950000000000000000e+01
-3.850000000000000000e+01
-2.950000000000000000e+01
-2.950000000000000000e+01
-2.950000000000000000e+01
-2.950000000000000000e+01
-2.950000000000000000e+01
-2.950000000000000000e+01
-2.950000000000000000e+01
-2.950000000000000000e+01
-2.950000000000000000e+01
-3.800000000000000000e+01
-1.210000000000000000e+02
-2.950000000000000000e+01
-2.950000000000000000e+01
-2.950000000000000000e+01
-2.950000000000000000e+01
-2.950000000000000000e+01
-2.950000000000000000e+01
-2.950000000000000000e+01
-2.950000000000000000e+01
-2.950000000000000000e+01
-2.950000000000000000e+01
-4.050000000000000000e+01
-2.950000000000000000e+01
-2.950000000000000000e+01
-2.950000000000000000e+01
-2.950000000000000000e+01
-2.950000000000000000e+01
-2.950000000000000000e+01
-2.950000000000000000e+01
-2.950000000000000000e+01
-2.950000000000000000e+01
-2.950000000000000000e+01
-3.250000000000000000e+01
-2.950000000000000000e+01
-9.900000000000000000e+01
-1.210000000000000000e+02
-2.950000000000000000e+01
-2.950000000000000000e+01
-2.950000000000000000e+01
-2.950000000000000000e+01
-1.210000000000000000e+02
-2.950000000000000000e+01
-2.950000000000000000e+01
-4.050000000000000000e+01
-2.950000000000000000e+01
-2.950000000000000000e+01
-2.950000000000000000e+01
-2.950000000000000000e+01
-1.170000000000000000e+02
-2.950000000000000000e+01
-2.950000000000000000e+01
-2.950000000000000000e+01
-1.170000000000000000e+02
-1.320000000000000000e+02
-2.950000000000000000e+01
-4.050000000000000000e+01
-2.950000000000000000e+01
-3.100000000000000000e+01
-2.950000000000000000e+01
-2.950000000000000000e+01
-3.650000000000000000e+01
-2.950000000000000000e+01
-2.950000000000000000e+01
-2.950000000000000000e+01
-1.120000000000000000e+02
-2.950000000000000000e+01
-2.950000000000000000e+01
-1.210000000000000000e+02
-2.950000000000000000e+01
-2.950000000000000000e+01
-2.950000000000000000e+01
-2.950000000000000000e+01
-2.950000000000000000e+01
-2.950000000000000000e+01
-1.170000000000000000e+02
-9.900000000000000000e+01
-2.950000000000000000e+01
-3.400000000000000000e+01
-2.950000000000000000e+01
-2.950000000000000000e+01
-2.950000000000000000e+01
-2.950000000000000000e+01
-2.950000000000000000e+01
-2.950000000000000000e+01
-2.950000000000000000e+01
-2.950000000000000000e+01
-2.950000000000000000e+01
-2.950000000000000000e+01
-2.950000000000000000e+01
-2.950000000000000000e+01
-2.950000000000000000e+01
-2.950000000000000000e+01
