-9.900000000000000000e+01
-1.140000000000000000e+02
-1.060000000000000000e+02
-1.190000000000000000e+02
-1.750000000000000000e+02
-1.120000000000000000e+02
-2.090000000000000000e+02
-1.170000000000000000e+02
-1.520000000000000000e+02
-1.300000000000000000e+02
-1.370000000000000000e+02
-1.340000000000000000e+02
-1.120000000000000000e+02
-9.900000000000000000e+01
-4.500000000000000000e+01
-9.900000000000000000e+01
-1.590000000000000000e+02
-8.600000000000000000e+01
-5.500000000000000000e+01
-2.700000000000000000e+01
-3.200000000000000000e+01
-1.240000000000000000e+02
-2.700000000000000000e+01
-5.300000000000000000e+01
-4.000000000000000000e+01
-5.900000000000000000e+01
-2.700000000000000000e+01
-4.000000000000000000e+01
-3.200000000000000000e+01
-1.060000000000000000e+02
-2.700000000000000000e+01
-1.260000000000000000e+02
-9.900000000000000000e+01
-1.470000000000000000e+02
-2.700000000000000000e+01
-4.400000000000000000e+01
-9.900000000000000000e+01
-2.700000000000000000e+01
-5.300000000000000000e+01
-2.700000000000000000e+01
-2.700000000000000000e+01
-2.700000000000000000e+01
-2.700000000000000000e+01
-2.700000000000000000e+01
-3.600000000000000000e+01
-2.700000000000000000e+01
-2.700000000000000000e+01
-4.200000000000000000e+01
-2.700000000000000000e+01
-1.240000000000000000e+02
-1.060000000000000000e+02
-2.700000000000000000e+01
-3.000000000000000000e+01
-4.200000000000000000e+01
-1.060000000000000000e+02
-2.700000000000000000e+01
-2.700000000000000000e+01
-2.700000000000000000e+01
-2.700000000000000000e+01
-2.700000000000000000e+01
-2.700000000000000000e+01
-2.700000000000000000e+01
-2.700000000000000000e+01
-1.060000000000000000e+02
-2.700000000000000000e+01
-9.900000000000000000e+01
-1.170000000000000000e+02
-3.200000000000000000e+01
-2.700000000000000000e+01
-2.700000000000000000e+01
-4.100000000000000000e+01
-3.400000000000000000e+01
-2.700000000000000000e+01
-3.800000000000000000e+01
-2.700000000000000000e+01
-2.700000000000000000e+01
-3.800000000000000000e+01
-2.700000000000000000e+01
-2.700000000000000000e+01
-2.700000000000000000e+01
-2.700000000000000000e+01
-3.600000000000000000e+01
-2.700000000000000000e+01
-1.120000000000000000e+02
-1.240000000000000000e+02
-2.700000000000000000e+01
-1.060000000000000000e+02
-2.700000000000000000e+01
-9.900000000000000000e+01
-2.700000000000000000e+01
-4.100000000000000000e+01
-2.700000000000000000e+01
-2.700000000000000000e+01
-2.700000000000000000e+01
-2.700000000000000000e+01
-3.000000000000000000e+01
-2.700000000000000000e+01
-3.600000000000000000e+01
-2.700000000000000000e+01
-2.700000000000000000e+01
-2.700000000000000000e+01
-2.700000000000000000e+01
-4.200000000000000000e+01
-2.700000000000000000e+01
-3.000000000000000000e+01
-3.200000000000000000e+01
-2.700000000000000000e+01
-2.700000000000000000e+01
-1.210000000000000000e+02
-4.000000000000000000e+01
-2.700000000000000000e+01
-3.600000000000000000e+01
-2.700000000000000000e+01
-3.800000000000000000e+01
-9.900000000000000000e+01
-2.700000000000000000e+01
-9.900000000000000000e+01
-2.700000000000000000e+01
-3.400000000000000000e+01
-2.700000000000000000e+01
-3.400000000000000000e+01
-2.700000000000000000e+01
-1.120000000000000000e+02
-2.700000000000000000e+01
-2.700000000000000000e+01
-2.700000000000000000e+01
-2.700000000000000000e+01
-9.900000000000000000e+01
-2.700000000000000000e+01
-2.700000000000000000e+01
-2.700000000000000000e+01
-2.700000000000000000e+01
-3.200000000000000000e+01
-1.240000000000000000e+02
-2.700000000000000000e+01
-2.700000000000000000e+01
-1.120000000000000000e+02
-2.700000000000000000e+01
-2.700000000000000000e+01
-2.700000000000000000e+01
-2.700000000000000000e+01
-2.700000000000000000e+01
-2.700000000000000000e+01
-2.700000000000000000e+01
-4.200000000000000000e+01
-3.400000000000000000e+01
-3.200000000000000000e+01
-2.700000000000000000e+01
-2.700000000000000000e+01
-1.170000000000000000e+02
-2.700000000000000000e+01
-2.700000000000000000e+01
-1.120000000000000000e+02
-2.700000000000000000e+01
-2.700000000000000000e+01
-2.700000000000000000e+01
-2.700000000000000000e+01
-2.700000000000000000e+01
-2.700000000000000000e+01
-5.100000000000000000e+01
-2.700000000000000000e+01
-2.700000000000000000e+01
-9.900000000000000000e+01
-1.240000000000000000e+02
-2.700000000000000000e+01
-2.700000000000000000e+01
-2.700000000000000000e+01
-2.700000000000000000e+01
-2.700000000000000000e+01
-9.900000000000000000e+01
-2.700000000000000000e+01
-2.700000000000000000e+01
-1.060000000000000000e+02
-2.700000000000000000e+01
-2.700000000000000000e+01
-2.700000000000000000e+01
-1.170000000000000000e+02
-9.900000000000000000e+01
-9.900000000000000000e+01
-1.210000000000000000e+02
-9.900000000000000000e+01
-2.700000000000000000e+01
-2.700000000000000000e+01
-2.700000000000000000e+01
-1.240000000000000000e+02
-1.120000000000000000e+02
-2.700000000000000000e+01
-2.700000000000000000e+01
-4.000000000000000000e+01
-1.120000000000000000e+02
-1.210000000000000000e+02
-3.200000000000000000e+01
-2.700000000000000000e+01
-2.700000000000000000e+01
-2.700000000000000000e+01
-2.700000000000000000e+01
-2.700000000000000000e+01
-2.700000000000000000e+01
-1.120000000000000000e+02
-2.700000000000000000e+01
-2.700000000000000000e+01
-2.700000000000000000e+01
-2.700000000000000000e+01
-2.700000000000000000e+01
-2.700000000000000000e+01
-2.700000000000000000e+01
-2.700000000000000000e+01
-2.700000000000000000e+01
-2.700000000000000000e+01
-2.700000000000000000e+01
-3.000000000000000000e+01
-2.700000000000000000e+01
-3.200000000000000000e+01
-1.280000000000000000e+02
-2.700000000000000000e+01
-2.700000000000000000e+01
-2.700000000000000000e+01
-3.200000000000000000e+01
-2.700000000000000000e+01
-2.700000000000000000e+01
-9.900000000000000000e+01
-2.700000000000000000e+01
-3.400000000000000000e+01
-2.700000000000000000e+01
-2.700000000000000000e+01
-2.700000000000000000e+01
-2.700000000000000000e+01
-3.000000000000000000e+01
-2.700000000000000000e+01
-2.700000000000000000e+01
-2.700000000000000000e+01
-4.000000000000000000e+01
-2.700000000000000000e+01
-3.000000000000000000e+01
-2.700000000000000000e+01
-2.700000000000000000e+01
-3.600000000000000000e+01
-2.700000000000000000e+01
-2.700000000000000000e+01
-1.240000000000000000e+02
-1.120000000000000000e+02
-2.700000000000000000e+01
-2.700000000000000000e+01
-2.700000000000000000e+01
-2.700000000000000000e+01
-2.700000000000000000e+01
-2.700000000000000000e+01
-2.700000000000000000e+01
-2.700000000000000000e+01
-3.600000000000000000e+01
-2.700000000000000000e+01
-2.700000000000000000e+01
-2.700000000000000000e+01
-2.700000000000000000e+01
-2.700000000000000000e+01
-1.240000000000000000e+02
-2.700000000000000000e+01
-2.700000000000000000e+01
-2.700000000000000000e+01
-2.700000000000000000e+01
-2.700000000000000000e+01
-2.700000000000000000e+01
-2.700000000000000000e+01
-3.900000000000000000e+01
-2.700000000000000000e+01
-2.700000000000000000e+01
-2.700000000000000000e+01
-2.700000000000000000e+01
-2.700000000000000000e+01
-3.200000000000000000e+01
-2.700000000000000000e+01
-2.700000000000000000e+01
-3.200000000000000000e+01
-2.700000000000000000e+01
-2.700000000000000000e+01
-1.240000000000000000e+02
-2.700000000000000000e+01
-2.700000000000000000e+01
-2.700000000000000000e+01
-2.700000000000000000e+01
-2.700000000000000000e+01
-2.700000000000000000e+01
-2.700000000000000000e+01
-3.600000000000000000e+01
-2.700000000000000000e+01
-2.700000000000000000e+01
-1.210000000000000000e+02
-1.120000000000000000e+02
-2.700000000000000000e+01
-2.700000000000000000e+01
-9.900000000000000000e+01
-4.900000000000000000e+01
-2.700000000000000000e+01
-2.700000000000000000e+01
-2.700000000000000000e+01
-2.700000000000000000e+01
-2.700000000000000000e+01
-1.170000000000000000e+02
-2.700000000000000000e+01
-4.700000000000000000e+01
-1.210000000000000000e+02
-2.700000000000000000e+01
-9.900000000000000000e+01
-9.900000000000000000e+01
-9.900000000000000000e+01
-2.700000000000000000e+01
-2.700000000000000000e+01
-2.700000000000000000e+01
-2.700000000000000000e+01
-2.700000000000000000e+01
-2.700000000000000000e+01
-2.700000000000000000e+01
-2.700000000000000000e+01
-3.200000000000000000e+01
-2.700000000000000000e+01
-2.700000000000000000e+01
-3.000000000000000000e+01
-9.900000000000000000e+01
-2.700000000000000000e+01
-2.700000000000000000e+01
-1.060000000000000000e+02
-2.700000000000000000e+01
-2.700000000000000000e+01
-2.700000000000000000e+01
-2.700000000000000000e+01
-2.700000000000000000e+01
-1.060000000000000000e+02
-2.700000000000000000e+01
-2.700000000000000000e+01
-2.700000000000000000e+01
-2.700000000000000000e+01
-2.700000000000000000e+01
-2.700000000000000000e+01
-2.700000000000000000e+01
-2.700000000000000000e+01
-2.700000000000000000e+01
-2.700000000000000000e+01
-3.800000000000000000e+01
-2.700000000000000000e+01
-3.800000000000000000e+01
-2.700000000000000000e+01
-2.700000000000000000e+01
-1.060000000000000000e+02
-2.700000000000000000e+01
-2.700000000000000000e+01
-2.700000000000000000e+01
-2.700000000000000000e+01
-2.700000000000000000e+01
-2.700000000000000000e+01
-2.700000000000000000e+01
-9.900000000000000000e+01
-2.700000000000000000e+01
-2.700000000000000000e+01
-2.700000000000000000e+01
-2.700000000000000000e+01
-4.000000000000000000e+01
-2.700000000000000000e+01
-2.700000000000000000e+01
-2.700000000000000000e+01
-2.700000000000000000e+01
-1.120000000000000000e+02
-2.700000000000000000e+01
-2.700000000000000000e+01
-2.700000000000000000e+01
-4.000000000000000000e+01
-2.700000000000000000e+01
-2.700000000000000000e+01
-2.700000000000000000e+01
-2.700000000000000000e+01
-1.210000000000000000e+02
-1.120000000000000000e+02
-2.700000000000000000e+01
-2.700000000000000000e+01
-2.700000000000000000e+01
-1.120000000000000000e+02
-2.700000000000000000e+01
-2.700000000000000000e+01
-2.700000000000000000e+01
-2.700000000000000000e+01
-2.700000000000000000e+01
-2.700000000000000000e+01
-2.700000000000000000e+01
-3.600000000000000000e+01
-1.120000000000000000e+02
-2.700000000000000000e+01
-2.700000000000000000e+01
-9.900000000000000000e+01
-2.700000000000000000e+01
-3.000000000000000000e+01
-2.700000000000000000e+01
-2.700000000000000000e+01
-2.700000000000000000e+01
-4.500000000000000000e+01
-2.700000000000000000e+01
-2.700000000000000000e+01
-2.700000000000000000e+01
-1.240000000000000000e+02
-2.700000000000000000e+01
-1.170000000000000000e+02
-3.000000000000000000e+01
-2.700000000000000000e+01
-2.700000000000000000e+01
-2.700000000000000000e+01
-2.700000000000000000e+01
-2.700000000000000000e+01
-9.900000000000000000e+01
-9.900000000000000000e+01
-3.200000000000000000e+01
-2.700000000000000000e+01
-2.700000000000000000e+01
-3.000000000000000000e+01
-2.700000000000000000e+01
-2.700000000000000000e+01
-2.700000000000000000e+01
-4.300000000000000000e+01
-2.700000000000000000e+01
-9.900000000000000000e+01
-2.700000000000000000e+01
-2.700000000000000000e+01
-2.700000000000000000e+01
-2.700000000000000000e+01
-3.000000000000000000e+01
-2.700000000000000000e+01
-2.700000000000000000e+01
-2.700000000000000000e+01
-2.700000000000000000e+01
-2.700000000000000000e+01
-2.700000000000000000e+01
-2.700000000000000000e+01
-2.700000000000000000e+01
-2.700000000000000000e+01
-2.700000000000000000e+01
-2.700000000000000000e+01
-2.700000000000000000e+01
-2.700000000000000000e+01
-2.700000000000000000e+01
-2.700000000000000000e+01
-9.900000000000000000e+01
-2.700000000000000000e+01
-2.700000000000000000e+01
-2.700000000000000000e+01
-2.700000000000000000e+01
-2.700000000000000000e+01
-2.700000000000000000e+01
-2.700000000000000000e+01
-3.000000000000000000e+01
-2.700000000000000000e+01
-2.700000000000000000e+01
-2.700000000000000000e+01
-2.700000000000000000e+01
-2.700000000000000000e+01
-2.700000000000000000e+01
-2.700000000000000000e+01
-2.700000000000000000e+01
-2.700000000000000000e+01
-2.700000000000000000e+01
-9.900000000000000000e+01
-2.700000000000000000e+01
-9.900000000000000000e+01
-2.700000000000000000e+01
-3.200000000000000000e+01
-2.700000000000000000e+01
-2.700000000000000000e+01
-1.170000000000000000e+02
-3.200000000000000000e+01
-3.200000000000000000e+01
-2.700000000000000000e+01
-2.700000000000000000e+01
-2.700000000000000000e+01
-2.700000000000000000e+01
-3.000000000000000000e+01
-2.700000000000000000e+01
-2.700000000000000000e+01
-2.700000000000000000e+01
-2.700000000000000000e+01
-2.700000000000000000e+01
-2.700000000000000000e+01
-3.200000000000000000e+01
-1.170000000000000000e+02
-2.700000000000000000e+01
-2.700000000000000000e+01
-2.700000000000000000e+01
-2.700000000000000000e+01
-2.700000000000000000e+01
-2.700000000000000000e+01
-2.700000000000000000e+01
-2.700000000000000000e+01
-2.700000000000000000e+01
-2.700000000000000000e+01
-9.900000000000000000e+01
-2.700000000000000000e+01
-2.700000000000000000e+01
-2.700000000000000000e+01
-2.700000000000000000e+01
-2.700000000000000000e+01
-2.700000000000000000e+01
-2.700000000000000000e+01
-2.700000000000000000e+01
-2.700000000000000000e+01
-2.700000000000000000e+01
-2.700000000000000000e+01
-2.700000000000000000e+01
-2.700000000000000000e+01
-2.700000000000000000e+01
-2.700000000000000000e+01
-2.700000000000000000e+01
-2.700000000000000000e+01
-2.700000000000000000e+01
-3.000000000000000000e+01
-2.700000000000000000e+01
-2.700000000000000000e+01
-2.700000000000000000e+01
-2.700000000000000000e+01
-2.700000000000000000e+01
-2.700000000000000000e+01
-2.700000000000000000e+01
-3.600000000000000000e+01
-2.700000000000000000e+01
-2.700000000000000000e+01
-2.700000000000000000e+01
-2.700000000000000000e+01
-2.700000000000000000e+01
-1.210000000000000000e+02
-9.900000000000000000e+01
-2.700000000000000000e+01
-2.700000000000000000e+01
-2.700000000000000000e+01
-2.700000000000000000e+01
-2.700000000000000000e+01
-2.700000000000000000e+01
-2.700000000000000000e+01
-2.700000000000000000e+01
-2.700000000000000000e+01
-3.000000000000000000e+01
-2.700000000000000000e+01
-2.700000000000000000e+01
-2.700000000000000000e+01
-2.700000000000000000e+01
-2.700000000000000000e+01
-1.120000000000000000e+02
-9.900000000000000000e+01
-9.900000000000000000e+01
-2.700000000000000000e+01
-1.170000000000000000e+02
-2.700000000000000000e+01
-1.060000000000000000e+02
-2.700000000000000000e+01
-2.700000000000000000e+01
-2.700000000000000000e+01
-2.700000000000000000e+01
-2.700000000000000000e+01
-2.700000000000000000e+01
-2.700000000000000000e+01
-2.700000000000000000e+01
-3.000000000000000000e+01
-2.700000000000000000e+01
-2.700000000000000000e+01
-2.700000000000000000e+01
-2.700000000000000000e+01
-2.700000000000000000e+01
-2.700000000000000000e+01
-2.700000000000000000e+01
-2.700000000000000000e+01
-2.700000000000000000e+01
-2.700000000000000000e+01
-2.700000000000000000e+01
-2.700000000000000000e+01
-1.240000000000000000e+02
-1.120000000000000000e+02
-2.700000000000000000e+01
-2.700000000000000000e+01
-2.700000000000000000e+01
-2.700000000000000000e+01
-2.700000000000000000e+01
-2.700000000000000000e+01
-2.700000000000000000e+01
-3.800000000000000000e+01
-2.700000000000000000e+01
-2.700000000000000000e+01
-2.700000000000000000e+01
-2.700000000000000000e+01
-2.700000000000000000e+01
-1.170000000000000000e+02
-2.700000000000000000e+01
-2.700000000000000000e+01
-2.700000000000000000e+01
-2.700000000000000000e+01
-2.700000000000000000e+01
-2.700000000000000000e+01
-3.200000000000000000e+01
-2.700000000000000000e+01
-3.600000000000000000e+01
-3.200000000000000000e+01
-2.700000000000000000e+01
-2.700000000000000000e+01
-9.900000000000000000e+01
-2.700000000000000000e+01
-2.700000000000000000e+01
-2.700000000000000000e+01
-2.700000000000000000e+01
-2.700000000000000000e+01
-2.700000000000000000e+01
-1.170000000000000000e+02
-3.600000000000000000e+01
-2.700000000000000000e+01
-3.400000000000000000e+01
-2.700000000000000000e+01
-2.700000000000000000e+01
-2.700000000000000000e+01
-2.700000000000000000e+01
-2.700000000000000000e+01
-2.700000000000000000e+01
-3.400000000000000000e+01
-2.700000000000000000e+01
-2.700000000000000000e+01
-2.700000000000000000e+01
-2.700000000000000000e+01
-2.700000000000000000e+01
-2.700000000000000000e+01
-2.700000000000000000e+01
-2.700000000000000000e+01
-2.700000000000000000e+01
-2.700000000000000000e+01
-2.700000000000000000e+01
-2.700000000000000000e+01
-2.700000000000000000e+01
-2.700000000000000000e+01
-1.210000000000000000e+02
-2.700000000000000000e+01
-2.700000000000000000e+01
-3.000000000000000000e+01
-2.700000000000000000e+01
-2.700000000000000000e+01
-3.000000000000000000e+01
-3.800000000000000000e+01
-2.700000000000000000e+01
-2.700000000000000000e+01
-2.700000000000000000e+01
-4.000000000000000000e+01
-3.500000000000000000e+01
-2.700000000000000000e+01
-2.700000000000000000e+01
-9.900000000000000000e+01
-2.700000000000000000e+01
-1.060000000000000000e+02
-2.700000000000000000e+01
-5.100000000000000000e+01
-2.700000000000000000e+01
-1.240000000000000000e+02
-2.700000000000000000e+01
-2.700000000000000000e+01
-3.200000000000000000e+01
-2.700000000000000000e+01
-2.700000000000000000e+01
-2.700000000000000000e+01
-2.700000000000000000e+01
-2.700000000000000000e+01
-2.700000000000000000e+01
-2.700000000000000000e+01
-3.800000000000000000e+01
-2.700000000000000000e+01
-2.700000000000000000e+01
-2.700000000000000000e+01
-2.700000000000000000e+01
-9.900000000000000000e+01
-2.700000000000000000e+01
-2.700000000000000000e+01
-2.700000000000000000e+01
-1.060000000000000000e+02
-2.700000000000000000e+01
-2.700000000000000000e+01
-2.700000000000000000e+01
-2.700000000000000000e+01
-2.700000000000000000e+01
-2.700000000000000000e+01
-2.700000000000000000e+01
-2.700000000000000000e+01
-2.700000000000000000e+01
-1.120000000000000000e+02
-2.700000000000000000e+01
-9.900000000000000000e+01
-2.700000000000000000e+01
-2.700000000000000000e+01
-2.700000000000000000e+01
-2.700000000000000000e+01
-2.700000000000000000e+01
-2.700000000000000000e+01
-2.700000000000000000e+01
-2.700000000000000000e+01
-3.600000000000000000e+01
-2.700000000000000000e+01
-2.700000000000000000e+01
-2.700000000000000000e+01
-2.700000000000000000e+01
-2.700000000000000000e+01
-2.700000000000000000e+01
-2.700000000000000000e+01
-3.200000000000000000e+01
-2.700000000000000000e+01
-2.700000000000000000e+01
-1.240000000000000000e+02
-3.200000000000000000e+01
-2.700000000000000000e+01
-3.000000000000000000e+01
-2.700000000000000000e+01
-2.700000000000000000e+01
-2.700000000000000000e+01
-2.700000000000000000e+01
-2.700000000000000000e+01
-2.700000000000000000e+01
-1.170000000000000000e+02
-2.700000000000000000e+01
-2.700000000000000000e+01
-2.700000000000000000e+01
-2.700000000000000000e+01
-2.700000000000000000e+01
-2.700000000000000000e+01
-2.700000000000000000e+01
-3.200000000000000000e+01
-3.000000000000000000e+01
-2.700000000000000000e+01
-2.700000000000000000e+01
-2.700000000000000000e+01
-2.700000000000000000e+01
-3.800000000000000000e+01
-2.700000000000000000e+01
-2.700000000000000000e+01
-2.700000000000000000e+01
-2.700000000000000000e+01
-3.200000000000000000e+01
-2.700000000000000000e+01
-2.700000000000000000e+01
-1.310000000000000000e+02
-2.700000000000000000e+01
-4.000000000000000000e+01
-3.200000000000000000e+01
-2.700000000000000000e+01
-2.700000000000000000e+01
-2.700000000000000000e+01
-2.700000000000000000e+01
-2.700000000000000000e+01
-2.700000000000000000e+01
-1.060000000000000000e+02
-3.800000000000000000e+01
-2.700000000000000000e+01
-3.000000000000000000e+01
-2.700000000000000000e+01
-2.700000000000000000e+01
-2.700000000000000000e+01
-2.700000000000000000e+01
-3.200000000000000000e+01
-2.700000000000000000e+01
-1.170000000000000000e+02
-1.060000000000000000e+02
-2.700000000000000000e+01
-2.700000000000000000e+01
-3.200000000000000000e+01
-3.200000000000000000e+01
-2.700000000000000000e+01
-2.700000000000000000e+01
-2.700000000000000000e+01
-2.700000000000000000e+01
-2.700000000000000000e+01
-2.700000000000000000e+01
-2.700000000000000000e+01
-2.700000000000000000e+01
-2.700000000000000000e+01
-2.700000000000000000e+01
-2.700000000000000000e+01
-2.700000000000000000e+01
-2.700000000000000000e+01
-2.700000000000000000e+01
-2.700000000000000000e+01
-2.700000000000000000e+01
-2.700000000000000000e+01
-2.700000000000000000e+01
-2.700000000000000000e+01
-2.700000000000000000e+01
-2.700000000000000000e+01
-2.700000000000000000e+01
-1.240000000000000000e+02
-2.700000000000000000e+01
-2.700000000000000000e+01
-2.700000000000000000e+01
-2.700000000000000000e+01
-2.700000000000000000e+01
-2.700000000000000000e+01
-2.700000000000000000e+01
-2.700000000000000000e+01
-2.700000000000000000e+01
-2.700000000000000000e+01
-3.400000000000000000e+01
-2.700000000000000000e+01
-2.700000000000000000e+01
-2.700000000000000000e+01
-2.700000000000000000e+01
-3.000000000000000000e+01
-2.700000000000000000e+01
-2.700000000000000000e+01
-2.700000000000000000e+01
-3.400000000000000000e+01
-2.700000000000000000e+01
-1.060000000000000000e+02
-2.700000000000000000e+01
-2.700000000000000000e+01
-2.700000000000000000e+01
-2.700000000000000000e+01
-2.700000000000000000e+01
-2.700000000000000000e+01
-2.700000000000000000e+01
-2.700000000000000000e+01
-2.700000000000000000e+01
-2.700000000000000000e+01
-2.700000000000000000e+01
-2.700000000000000000e+01
-4.200000000000000000e+01
-4.200000000000000000e+01
-2.700000000000000000e+01
-1.060000000000000000e+02
-2.700000000000000000e+01
-2.700000000000000000e+01
-2.700000000000000000e+01
-2.700000000000000000e+01
-2.700000000000000000e+01
-2.700000000000000000e+01
-2.700000000000000000e+01
-2.700000000000000000e+01
-2.700000000000000000e+01
-2.700000000000000000e+01
-2.700000000000000000e+01
-2.700000000000000000e+01
-9.900000000000000000e+01
-9.900000000000000000e+01
-2.700000000000000000e+01
-2.700000000000000000e+01
-2.700000000000000000e+01
-2.700000000000000000e+01
-2.700000000000000000e+01
-2.700000000000000000e+01
-2.700000000000000000e+01
-2.700000000000000000e+01
-2.700000000000000000e+01
-2.700000000000000000e+01
-2.700000000000000000e+01
-2.700000000000000000e+01
-2.700000000000000000e+01
-2.700000000000000000e+01
-2.700000000000000000e+01
-2.700000000000000000e+01
-2.700000000000000000e+01
-2.700000000000000000e+01
-2.700000000000000000e+01
-2.700000000000000000e+01
-4.000000000000000000e+01
-1.120000000000000000e+02
-2.700000000000000000e+01
-2.700000000000000000e+01
-2.700000000000000000e+01
-2.700000000000000000e+01
-2.700000000000000000e+01
-2.700000000000000000e+01
-2.700000000000000000e+01
-9.900000000000000000e+01
-2.700000000000000000e+01
-2.700000000000000000e+01
-2.700000000000000000e+01
-2.700000000000000000e+01
-2.700000000000000000e+01
-2.700000000000000000e+01
-2.700000000000000000e+01
-4.200000000000000000e+01
-2.700000000000000000e+01
-2.700000000000000000e+01
-2.700000000000000000e+01
-2.700000000000000000e+01
-2.700000000000000000e+01
-2.700000000000000000e+01
-2.700000000000000000e+01
-2.700000000000000000e+01
-2.700000000000000000e+01
-2.700000000000000000e+01
-2.700000000000000000e+01
-3.200000000000000000e+01
-3.000000000000000000e+01
-2.700000000000000000e+01
-2.700000000000000000e+01
-4.900000000000000000e+01
-2.700000000000000000e+01
-9.900000000000000000e+01
-2.700000000000000000e+01
-9.900000000000000000e+01
-2.700000000000000000e+01
-2.700000000000000000e+01
-2.700000000000000000e+01
-1.240000000000000000e+02
-9.900000000000000000e+01
-2.700000000000000000e+01
-9.900000000000000000e+01
-2.700000000000000000e+01
-2.700000000000000000e+01
-2.700000000000000000e+01
-2.700000000000000000e+01
-2.700000000000000000e+01
-2.700000000000000000e+01
-2.700000000000000000e+01
-2.700000000000000000e+01
-2.700000000000000000e+01
-2.700000000000000000e+01
-2.700000000000000000e+01
-2.700000000000000000e+01
-2.700000000000000000e+01
-2.700000000000000000e+01
-2.700000000000000000e+01
-2.700000000000000000e+01
-2.700000000000000000e+01
-2.700000000000000000e+01
-1.210000000000000000e+02
-2.700000000000000000e+01
-2.700000000000000000e+01
-2.700000000000000000e+01
-2.700000000000000000e+01
-2.700000000000000000e+01
-2.700000000000000000e+01
-2.700000000000000000e+01
-2.700000000000000000e+01
-2.700000000000000000e+01
-2.700000000000000000e+01
-2.700000000000000000e+01
-4.000000000000000000e+01
-2.700000000000000000e+01
-2.700000000000000000e+01
-2.700000000000000000e+01
-2.700000000000000000e+01
-2.700000000000000000e+01
-3.600000000000000000e+01
-2.700000000000000000e+01
-2.700000000000000000e+01
-2.700000000000000000e+01
-3.600000000000000000e+01
-2.700000000000000000e+01
-2.700000000000000000e+01
-2.700000000000000000e+01
-2.700000000000000000e+01
-2.700000000000000000e+01
-2.700000000000000000e+01
-1.170000000000000000e+02
-2.700000000000000000e+01
-2.700000000000000000e+01
-2.700000000000000000e+01
-2.700000000000000000e+01
-2.700000000000000000e+01
-2.700000000000000000e+01
-2.700000000000000000e+01
-2.700000000000000000e+01
-2.700000000000000000e+01
-2.700000000000000000e+01
-2.700000000000000000e+01
-2.700000000000000000e+01
-2.700000000000000000e+01
-2.700000000000000000e+01
-3.200000000000000000e+01
-2.700000000000000000e+01
-2.700000000000000000e+01
-2.700000000000000000e+01
-2.700000000000000000e+01
-2.700000000000000000e+01
-3.600000000000000000e+01
-2.700000000000000000e+01
-2.700000000000000000e+01
-2.700000000000000000e+01
-2.700000000000000000e+01
-2.700000000000000000e+01
-2.700000000000000000e+01
-2.700000000000000000e+01
-2.700000000000000000e+01
-2.700000000000000000e+01
-2.700000000000000000e+01
-2.700000000000000000e+01
-3.000000000000000000e+01
-2.700000000000000000e+01
-2.700000000000000000e+01
-2.700000000000000000e+01
-1.060000000000000000e+02
-2.700000000000000000e+01
-2.700000000000000000e+01
-2.700000000000000000e+01
-2.700000000000000000e+01
-2.700000000000000000e+01
-2.700000000000000000e+01
-9.900000000000000000e+01
-2.700000000000000000e+01
-3.600000000000000000e+01
-1.120000000000000000e+02
-2.700000000000000000e+01
-2.700000000000000000e+01
-2.700000000000000000e+01
-2.700000000000000000e+01
-2.700000000000000000e+01
-2.700000000000000000e+01
-2.700000000000000000e+01
-2.700000000000000000e+01
-2.700000000000000000e+01
-2.700000000000000000e+01
-2.700000000000000000e+01
-2.700000000000000000e+01
-2.700000000000000000e+01
-2.700000000000000000e+01
-2.700000000000000000e+01
-4.000000000000000000e+01
-2.700000000000000000e+01
-2.700000000000000000e+01
-2.700000000000000000e+01
-2.700000000000000000e+01
-2.700000000000000000e+01
-3.000000000000000000e+01
-2.700000000000000000e+01
-2.700000000000000000e+01
-4.200000000000000000e+01
-1.060000000000000000e+02
-2.700000000000000000e+01
-1.210000000000000000e+02
-1.240000000000000000e+02
-2.700000000000000000e+01
-2.700000000000000000e+01
-2.700000000000000000e+01
-2.700000000000000000e+01
-2.700000000000000000e+01
-2.700000000000000000e+01
-2.700000000000000000e+01
-2.700000000000000000e+01
-2.700000000000000000e+01
-9.900000000000000000e+01
-3.400000000000000000e+01
-1.120000000000000000e+02
-2.700000000000000000e+01
-2.700000000000000000e+01
-2.700000000000000000e+01
-3.200000000000000000e+01
-2.700000000000000000e+01
-2.700000000000000000e+01
-2.700000000000000000e+01
-9.900000000000000000e+01
-2.700000000000000000e+01
-2.700000000000000000e+01
-2.700000000000000000e+01
-4.200000000000000000e+01
-1.210000000000000000e+02
-9.900000000000000000e+01
-2.700000000000000000e+01
-2.700000000000000000e+01
-2.700000000000000000e+01
-2.700000000000000000e+01
-2.700000000000000000e+01
-2.700000000000000000e+01
-2.700000000000000000e+01
-2.700000000000000000e+01
-2.700000000000000000e+01
-2.700000000000000000e+01
-2.700000000000000000e+01
-3.700000000000000000e+01
-2.700000000000000000e+01
-2.700000000000000000e+01
-2.700000000000000000e+01
-2.700000000000000000e+01
-2.700000000000000000e+01
-2.700000000000000000e+01
-2.700000000000000000e+01
-2.700000000000000000e+01
-2.700000000000000000e+01
-9.900000000000000000e+01
-2.700000000000000000e+01
-2.700000000000000000e+01
-2.700000000000000000e+01
-2.700000000000000000e+01
-2.700000000000000000e+01
-4.000000000000000000e+01
-2.700000000000000000e+01
-2.700000000000000000e+01
-2.700000000000000000e+01
-2.700000000000000000e+01
-2.700000000000000000e+01
-2.700000000000000000e+01
-2.700000000000000000e+01
-2.700000000000000000e+01
-2.700000000000000000e+01
-2.700000000000000000e+01
-2.700000000000000000e+01
-2.700000000000000000e+01
-9.900000000000000000e+01
-2.700000000000000000e+01
-1.060000000000000000e+02
-4.000000000000000000e+01
-2.700000000000000000e+01
-2.700000000000000000e+01
-2.700000000000000000e+01
-2.700000000000000000e+01
-2.700000000000000000e+01
-2.700000000000000000e+01
-2.700000000000000000e+01
-2.700000000000000000e+01
-2.700000000000000000e+01
-2.700000000000000000e+01
-2.700000000000000000e+01
-2.700000000000000000e+01
-2.700000000000000000e+01
-2.700000000000000000e+01
-2.700000000000000000e+01
-2.700000000000000000e+01
-2.700000000000000000e+01
-2.700000000000000000e+01
-3.400000000000000000e+01
-4.000000000000000000e+01
-2.700000000000000000e+01
-2.700000000000000000e+01
-2.700000000000000000e+01
-2.700000000000000000e+01
-2.700000000000000000e+01
-2.700000000000000000e+01
-4.000000000000000000e+01
-2.700000000000000000e+01
-3.000000000000000000e+01
-2.700000000000000000e+01
-4.200000000000000000e+01
-2.700000000000000000e+01
-2.700000000000000000e+01
-2.700000000000000000e+01
-3.000000000000000000e+01
-9.900000000000000000e+01
-2.700000000000000000e+01
-2.700000000000000000e+01
-2.700000000000000000e+01
-2.700000000000000000e+01
-3.600000000000000000e+01
-2.700000000000000000e+01
-2.700000000000000000e+01
-2.700000000000000000e+01
-2.700000000000000000e+01
-2.700000000000000000e+01
-1.240000000000000000e+02
-2.700000000000000000e+01
-2.700000000000000000e+01
-2.700000000000000000e+01
-2.700000000000000000e+01
-1.210000000000000000e+02
-2.700000000000000000e+01
-2.700000000000000000e+01
-2.700000000000000000e+01
-2.700000000000000000e+01
-2.700000000000000000e+01
-2.700000000000000000e+01
-2.700000000000000000e+01
-2.700000000000000000e+01
-2.700000000000000000e+01
-2.700000000000000000e+01
-4.200000000000000000e+01
-3.000000000000000000e+01
-2.700000000000000000e+01
-9.900000000000000000e+01
-2.700000000000000000e+01
-2.700000000000000000e+01
-2.700000000000000000e+01
-2.700000000000000000e+01
-2.700000000000000000e+01
-2.700000000000000000e+01
-2.700000000000000000e+01
-2.700000000000000000e+01
-2.700000000000000000e+01
-2.700000000000000000e+01
-9.900000000000000000e+01
-2.700000000000000000e+01
-2.700000000000000000e+01
-2.700000000000000000e+01
-2.700000000000000000e+01
-2.700000000000000000e+01
-2.700000000000000000e+01
-2.700000000000000000e+01
-2.700000000000000000e+01
-2.700000000000000000e+01
-1.210000000000000000e+02
-2.700000000000000000e+01
-2.700000000000000000e+01
-1.170000000000000000e+02
-2.700000000000000000e+01
-2.700000000000000000e+01
-2.700000000000000000e+01
-2.700000000000000000e+01
-2.700000000000000000e+01
-2.700000000000000000e+01
-2.700000000000000000e+01
-2.700000000000000000e+01
-2.700000000000000000e+01
-2.700000000000000000e+01
-2.700000000000000000e+01
-2.700000000000000000e+01
-2.700000000000000000e+01
-2.700000000000000000e+01
-2.700000000000000000e+01
-2.700000000000000000e+01
-2.700000000000000000e+01
-2.700000000000000000e+01
-2.700000000000000000e+01
-2.700000000000000000e+01
-2.700000000000000000e+01
-2.700000000000000000e+01
-2.700000000000000000e+01
-2.700000000000000000e+01
-2.700000000000000000e+01
-2.700000000000000000e+01
-2.700000000000000000e+01
-2.700000000000000000e+01
-2.700000000000000000e+01
-1.240000000000000000e+02
-2.700000000000000000e+01
-1.170000000000000000e+02
-2.700000000000000000e+01
-2.700000000000000000e+01
-2.700000000000000000e+01
-2.700000000000000000e+01
-2.700000000000000000e+01
-2.700000000000000000e+01
-2.700000000000000000e+01
-2.700000000000000000e+01
-2.700000000000000000e+01
-2.700000000000000000e+01
-2.700000000000000000e+01
-2.700000000000000000e+01
-2.700000000000000000e+01
-2.700000000000000000e+01
-2.700000000000000000e+01
-2.700000000000000000e+01
-2.700000000000000000e+01
-2.700000000000000000e+01
-2.700000000000000000e+01
-2.700000000000000000e+01
-2.700000000000000000e+01
-2.700000000000000000e+01
-2.700000000000000000e+01
-2.700000000000000000e+01
-2.700000000000000000e+01
-2.700000000000000000e+01
-2.700000000000000000e+01
-1.120000000000000000e+02
-2.700000000000000000e+01
-2.700000000000000000e+01
-2.700000000000000000e+01
-2.700000000000000000e+01
-2.700000000000000000e+01
-2.700000000000000000e+01
-2.700000000000000000e+01
-2.700000000000000000e+01
-2.700000000000000000e+01
-2.700000000000000000e+01
-2.700000000000000000e+01
-2.700000000000000000e+01
-2.700000000000000000e+01
-2.700000000000000000e+01
-2.700000000000000000e+01
-2.700000000000000000e+01
-2.700000000000000000e+01
-2.700000000000000000e+01
-2.700000000000000000e+01
-2.700000000000000000e+01
-2.700000000000000000e+01
-2.700000000000000000e+01
-2.700000000000000000e+01
-2.700000000000000000e+01
-2.700000000000000000e+01
-2.700000000000000000e+01
-2.700000000000000000e+01
-2.700000000000000000e+01
-1.120000000000000000e+02
-2.700000000000000000e+01
-2.700000000000000000e+01
-2.700000000000000000e+01
-1.060000000000000000e+02
-2.700000000000000000e+01
-2.700000000000000000e+01
-2.700000000000000000e+01
-4.200000000000000000e+01
-2.700000000000000000e+01
-2.700000000000000000e+01
-2.700000000000000000e+01
-2.700000000000000000e+01
-2.700000000000000000e+01
-2.700000000000000000e+01
-2.700000000000000000e+01
-2.700000000000000000e+01
-2.700000000000000000e+01
-2.700000000000000000e+01
-2.700000000000000000e+01
-2.700000000000000000e+01
-2.700000000000000000e+01
-2.700000000000000000e+01
-2.700000000000000000e+01
-2.700000000000000000e+01
-2.700000000000000000e+01
-2.700000000000000000e+01
-2.700000000000000000e+01
-2.700000000000000000e+01
-2.700000000000000000e+01
-2.700000000000000000e+01
-2.700000000000000000e+01
-2.700000000000000000e+01
-4.000000000000000000e+01
-2.700000000000000000e+01
-2.700000000000000000e+01
-2.700000000000000000e+01
-2.700000000000000000e+01
-9.900000000000000000e+01
-2.700000000000000000e+01
-2.700000000000000000e+01
-2.700000000000000000e+01
-2.700000000000000000e+01
-2.700000000000000000e+01
-2.700000000000000000e+01
-1.210000000000000000e+02
-2.700000000000000000e+01
-2.700000000000000000e+01
-2.700000000000000000e+01
-2.700000000000000000e+01
-2.700000000000000000e+01
-2.700000000000000000e+01
-2.700000000000000000e+01
-2.700000000000000000e+01
-2.700000000000000000e+01
-2.700000000000000000e+01
-2.700000000000000000e+01
-2.700000000000000000e+01
-2.700000000000000000e+01
-2.700000000000000000e+01
-2.700000000000000000e+01
-2.700000000000000000e+01
-2.700000000000000000e+01
-2.700000000000000000e+01
-2.700000000000000000e+01
-2.700000000000000000e+01
-2.700000000000000000e+01
-2.700000000000000000e+01
-2.700000000000000000e+01
-2.700000000000000000e+01
-2.700000000000000000e+01
-2.700000000000000000e+01
-2.700000000000000000e+01
-3.000000000000000000e+01
-2.700000000000000000e+01
-2.700000000000000000e+01
-2.700000000000000000e+01
-2.700000000000000000e+01
-2.700000000000000000e+01
-2.700000000000000000e+01
-3.800000000000000000e+01
-2.700000000000000000e+01
-2.700000000000000000e+01
-2.700000000000000000e+01
-2.700000000000000000e+01
-2.700000000000000000e+01
-2.700000000000000000e+01
-2.700000000000000000e+01
-2.700000000000000000e+01
-2.700000000000000000e+01
-2.700000000000000000e+01
-2.700000000000000000e+01
-2.700000000000000000e+01
-2.700000000000000000e+01
-2.700000000000000000e+01
-2.700000000000000000e+01
-3.200000000000000000e+01
-2.700000000000000000e+01
-2.700000000000000000e+01
-2.700000000000000000e+01
-2.700000000000000000e+01
-2.700000000000000000e+01
-2.700000000000000000e+01
-2.700000000000000000e+01
-2.700000000000000000e+01
-2.700000000000000000e+01
-2.700000000000000000e+01
-2.700000000000000000e+01
-2.700000000000000000e+01
-2.700000000000000000e+01
-2.700000000000000000e+01
-2.700000000000000000e+01
-2.700000000000000000e+01
-2.700000000000000000e+01
-2.700000000000000000e+01
-2.700000000000000000e+01
-2.700000000000000000e+01
-2.700000000000000000e+01
-2.700000000000000000e+01
-2.700000000000000000e+01
-2.700000000000000000e+01
-3.200000000000000000e+01
-2.700000000000000000e+01
-2.700000000000000000e+01
-2.700000000000000000e+01
-2.700000000000000000e+01
-2.700000000000000000e+01
-2.700000000000000000e+01
-4.000000000000000000e+01
-2.700000000000000000e+01
-2.700000000000000000e+01
-2.700000000000000000e+01
-2.700000000000000000e+01
-3.600000000000000000e+01
-1.210000000000000000e+02
-2.700000000000000000e+01
-2.700000000000000000e+01
-4.000000000000000000e+01
-2.700000000000000000e+01
-2.700000000000000000e+01
-2.700000000000000000e+01
-2.700000000000000000e+01
-2.700000000000000000e+01
-2.700000000000000000e+01
-2.700000000000000000e+01
-2.700000000000000000e+01
-1.120000000000000000e+02
-2.700000000000000000e+01
-9.900000000000000000e+01
-2.700000000000000000e+01
-2.700000000000000000e+01
-2.700000000000000000e+01
-2.700000000000000000e+01
-2.700000000000000000e+01
-2.700000000000000000e+01
-2.700000000000000000e+01
-2.700000000000000000e+01
-2.700000000000000000e+01
-2.700000000000000000e+01
-2.700000000000000000e+01
-2.700000000000000000e+01
-2.700000000000000000e+01
-2.700000000000000000e+01
-9.900000000000000000e+01
-2.700000000000000000e+01
-2.700000000000000000e+01
-1.210000000000000000e+02
-2.700000000000000000e+01
-2.700000000000000000e+01
-2.700000000000000000e+01
-2.700000000000000000e+01
-2.700000000000000000e+01
-2.700000000000000000e+01
-2.700000000000000000e+01
-2.700000000000000000e+01
-9.900000000000000000e+01
-2.700000000000000000e+01
-2.700000000000000000e+01
-2.700000000000000000e+01
-2.700000000000000000e+01
-2.700000000000000000e+01
-2.700000000000000000e+01
-2.700000000000000000e+01
-2.700000000000000000e+01
-2.700000000000000000e+01
-2.700000000000000000e+01
-2.700000000000000000e+01
-1.210000000000000000e+02
-2.700000000000000000e+01
-2.700000000000000000e+01
-2.700000000000000000e+01
-2.700000000000000000e+01
-2.700000000000000000e+01
-2.700000000000000000e+01
-2.700000000000000000e+01
-2.700000000000000000e+01
-2.700000000000000000e+01
-2.700000000000000000e+01
-4.000000000000000000e+01
-2.700000000000000000e+01
-2.700000000000000000e+01
-2.700000000000000000e+01
-2.700000000000000000e+01
-2.700000000000000000e+01
-2.700000000000000000e+01
-2.700000000000000000e+01
-2.700000000000000000e+01
-2.700000000000000000e+01
-2.700000000000000000e+01
-2.700000000000000000e+01
-2.700000000000000000e+01
-2.700000000000000000e+01
-2.700000000000000000e+01
-2.700000000000000000e+01
-2.700000000000000000e+01
-2.700000000000000000e+01
-2.700000000000000000e+01
-2.700000000000000000e+01
-2.700000000000000000e+01
-2.700000000000000000e+01
-2.700000000000000000e+01
-2.700000000000000000e+01
-2.700000000000000000e+01
-2.700000000000000000e+01
-3.600000000000000000e+01
-2.700000000000000000e+01
-2.700000000000000000e+01
-2.700000000000000000e+01
-2.700000000000000000e+01
-2.700000000000000000e+01
-2.700000000000000000e+01
-2.700000000000000000e+01
-2.700000000000000000e+01
-2.700000000000000000e+01
-2.700000000000000000e+01
-2.700000000000000000e+01
-2.700000000000000000e+01
-2.700000000000000000e+01
-1.240000000000000000e+02
-2.700000000000000000e+01
-2.700000000000000000e+01
-2.700000000000000000e+01
-2.700000000000000000e+01
-2.700000000000000000e+01
-2.700000000000000000e+01
-2.700000000000000000e+01
-2.700000000000000000e+01
-2.700000000000000000e+01
-2.700000000000000000e+01
-2.700000000000000000e+01
-2.700000000000000000e+01
-2.700000000000000000e+01
-2.700000000000000000e+01
-2.700000000000000000e+01
-2.700000000000000000e+01
-9.900000000000000000e+01
-4.200000000000000000e+01
-2.700000000000000000e+01
-2.700000000000000000e+01
-2.700000000000000000e+01
-2.700000000000000000e+01
-2.700000000000000000e+01
-2.700000000000000000e+01
-2.700000000000000000e+01
-2.700000000000000000e+01
-2.700000000000000000e+01
-2.700000000000000000e+01
-2.700000000000000000e+01
-2.700000000000000000e+01
-2.700000000000000000e+01
-2.700000000000000000e+01
-2.700000000000000000e+01
-2.700000000000000000e+01
-2.700000000000000000e+01
-2.700000000000000000e+01
-2.700000000000000000e+01
-2.700000000000000000e+01
-2.700000000000000000e+01
-2.700000000000000000e+01
-2.700000000000000000e+01
-2.700000000000000000e+01
-1.120000000000000000e+02
-3.200000000000000000e+01
-2.700000000000000000e+01
-2.700000000000000000e+01
-2.700000000000000000e+01
-2.700000000000000000e+01
-2.700000000000000000e+01
-2.700000000000000000e+01
-2.700000000000000000e+01
-2.700000000000000000e+01
-2.700000000000000000e+01
-2.700000000000000000e+01
-2.700000000000000000e+01
-2.700000000000000000e+01
-2.700000000000000000e+01
-2.700000000000000000e+01
-2.700000000000000000e+01
-2.700000000000000000e+01
-2.700000000000000000e+01
-2.700000000000000000e+01
-2.700000000000000000e+01
-2.700000000000000000e+01
-2.700000000000000000e+01
-2.700000000000000000e+01
-2.700000000000000000e+01
-2.700000000000000000e+01
-2.700000000000000000e+01
-2.700000000000000000e+01
-2.700000000000000000e+01
-2.700000000000000000e+01
-3.000000000000000000e+01
-2.700000000000000000e+01
-2.700000000000000000e+01
-2.700000000000000000e+01
-2.700000000000000000e+01
-2.700000000000000000e+01
-2.700000000000000000e+01
-2.700000000000000000e+01
-2.700000000000000000e+01
-2.700000000000000000e+01
-3.400000000000000000e+01
-2.700000000000000000e+01
-2.700000000000000000e+01
-2.700000000000000000e+01
-2.700000000000000000e+01
-2.700000000000000000e+01
-2.700000000000000000e+01
-2.700000000000000000e+01
-2.700000000000000000e+01
-2.700000000000000000e+01
-2.700000000000000000e+01
-2.700000000000000000e+01
-2.700000000000000000e+01
-2.700000000000000000e+01
-2.700000000000000000e+01
-2.700000000000000000e+01
-2.700000000000000000e+01
-2.700000000000000000e+01
-2.700000000000000000e+01
-2.700000000000000000e+01
-2.700000000000000000e+01
-2.700000000000000000e+01
-2.700000000000000000e+01
-2.700000000000000000e+01
-2.700000000000000000e+01
-2.700000000000000000e+01
-1.060000000000000000e+02
-2.700000000000000000e+01
-2.700000000000000000e+01
-2.700000000000000000e+01
-2.700000000000000000e+01
-2.700000000000000000e+01
-2.700000000000000000e+01
-2.700000000000000000e+01
-2.700000000000000000e+01
-2.700000000000000000e+01
-2.700000000000000000e+01
-9.900000000000000000e+01
-2.700000000000000000e+01
-2.700000000000000000e+01
-2.700000000000000000e+01
-3.200000000000000000e+01
-2.700000000000000000e+01
-2.700000000000000000e+01
-2.700000000000000000e+01
-2.700000000000000000e+01
-2.700000000000000000e+01
-2.700000000000000000e+01
-2.700000000000000000e+01
-2.700000000000000000e+01
-2.700000000000000000e+01
-2.700000000000000000e+01
-2.700000000000000000e+01
-1.060000000000000000e+02
-2.700000000000000000e+01
-2.700000000000000000e+01
-2.700000000000000000e+01
-2.700000000000000000e+01
-2.700000000000000000e+01
-2.700000000000000000e+01
-2.700000000000000000e+01
-4.000000000000000000e+01
-4.200000000000000000e+01
-2.700000000000000000e+01
-2.700000000000000000e+01
-4.200000000000000000e+01
-2.700000000000000000e+01
-2.700000000000000000e+01
-2.700000000000000000e+01
-1.210000000000000000e+02
-2.700000000000000000e+01
-2.700000000000000000e+01
-2.700000000000000000e+01
-2.700000000000000000e+01
-2.700000000000000000e+01
-2.700000000000000000e+01
-2.700000000000000000e+01
-2.700000000000000000e+01
-2.700000000000000000e+01
-3.500000000000000000e+01
-2.700000000000000000e+01
-2.700000000000000000e+01
-2.700000000000000000e+01
-2.700000000000000000e+01
-2.700000000000000000e+01
-2.700000000000000000e+01
-2.700000000000000000e+01
-2.700000000000000000e+01
-2.700000000000000000e+01
-2.700000000000000000e+01
-2.700000000000000000e+01
-3.000000000000000000e+01
-2.700000000000000000e+01
-2.700000000000000000e+01
-2.700000000000000000e+01
-2.700000000000000000e+01
-2.700000000000000000e+01
-2.700000000000000000e+01
-3.000000000000000000e+01
-2.700000000000000000e+01
-2.700000000000000000e+01
-2.700000000000000000e+01
-2.700000000000000000e+01
-2.700000000000000000e+01
-2.700000000000000000e+01
-2.700000000000000000e+01
-2.700000000000000000e+01
-2.700000000000000000e+01
-2.700000000000000000e+01
-2.700000000000000000e+01
-2.700000000000000000e+01
-2.700000000000000000e+01
-2.700000000000000000e+01
-2.700000000000000000e+01
-2.700000000000000000e+01
-2.700000000000000000e+01
-2.700000000000000000e+01
-2.700000000000000000e+01
-2.700000000000000000e+01
-9.900000000000000000e+01
-2.700000000000000000e+01
-2.700000000000000000e+01
-2.700000000000000000e+01
-2.700000000000000000e+01
-2.700000000000000000e+01
-1.210000000000000000e+02
-2.700000000000000000e+01
-3.200000000000000000e+01
-2.700000000000000000e+01
-2.700000000000000000e+01
-2.700000000000000000e+01
-2.700000000000000000e+01
-2.700000000000000000e+01
-2.700000000000000000e+01
-2.700000000000000000e+01
-9.900000000000000000e+01
-2.700000000000000000e+01
-3.800000000000000000e+01
-2.700000000000000000e+01
-2.700000000000000000e+01
-2.700000000000000000e+01
-2.700000000000000000e+01
-2.700000000000000000e+01
-2.700000000000000000e+01
-2.700000000000000000e+01
-2.700000000000000000e+01
-2.700000000000000000e+01
-2.700000000000000000e+01
-2.700000000000000000e+01
-2.700000000000000000e+01
-2.700000000000000000e+01
-2.700000000000000000e+01
-2.700000000000000000e+01
-2.700000000000000000e+01
-2.700000000000000000e+01
-2.700000000000000000e+01
-2.700000000000000000e+01
-2.700000000000000000e+01
-2.700000000000000000e+01
-2.700000000000000000e+01
-2.700000000000000000e+01
-2.700000000000000000e+01
-2.700000000000000000e+01
-3.400000000000000000e+01
-2.700000000000000000e+01
-2.700000000000000000e+01
-3.600000000000000000e+01
-2.700000000000000000e+01
-2.700000000000000000e+01
-2.700000000000000000e+01
-2.700000000000000000e+01
-2.700000000000000000e+01
-2.700000000000000000e+01
-2.700000000000000000e+01
-2.700000000000000000e+01
-2.700000000000000000e+01
-2.700000000000000000e+01
-2.700000000000000000e+01
-2.700000000000000000e+01
-2.700000000000000000e+01
-2.700000000000000000e+01
-2.700000000000000000e+01
-2.700000000000000000e+01
-2.700000000000000000e+01
-2.700000000000000000e+01
-2.700000000000000000e+01
-9.900000000000000000e+01
-2.700000000000000000e+01
-2.700000000000000000e+01
-2.700000000000000000e+01
-2.700000000000000000e+01
-2.700000000000000000e+01
-2.700000000000000000e+01
-2.700000000000000000e+01
-2.700000000000000000e+01
-2.700000000000000000e+01
-9.900000000000000000e+01
-2.700000000000000000e+01
-2.700000000000000000e+01
-2.700000000000000000e+01
-2.700000000000000000e+01
-2.700000000000000000e+01
-2.700000000000000000e+01
-2.700000000000000000e+01
-2.700000000000000000e+01
-2.700000000000000000e+01
-2.700000000000000000e+01
-2.700000000000000000e+01
-2.700000000000000000e+01
-2.700000000000000000e+01
-1.060000000000000000e+02
-2.700000000000000000e+01
-4.000000000000000000e+01
-3.800000000000000000e+01
-2.700000000000000000e+01
-2.700000000000000000e+01
-2.700000000000000000e+01
-2.700000000000000000e+01
-2.700000000000000000e+01
-2.700000000000000000e+01
-2.700000000000000000e+01
-2.700000000000000000e+01
-1.120000000000000000e+02
-2.700000000000000000e+01
-2.700000000000000000e+01
-2.700000000000000000e+01
-2.700000000000000000e+01
-2.700000000000000000e+01
-2.700000000000000000e+01
-2.700000000000000000e+01
-2.700000000000000000e+01
-2.700000000000000000e+01
-2.700000000000000000e+01
-2.700000000000000000e+01
-2.700000000000000000e+01
-2.700000000000000000e+01
-2.700000000000000000e+01
-2.700000000000000000e+01
-2.700000000000000000e+01
-2.700000000000000000e+01
-2.700000000000000000e+01
-2.700000000000000000e+01
-2.700000000000000000e+01
-2.700000000000000000e+01
-1.170000000000000000e+02
-3.200000000000000000e+01
-2.700000000000000000e+01
-2.700000000000000000e+01
-9.900000000000000000e+01
-2.700000000000000000e+01
-2.700000000000000000e+01
-2.700000000000000000e+01
-2.700000000000000000e+01
-2.700000000000000000e+01
-2.700000000000000000e+01
-2.700000000000000000e+01
-2.700000000000000000e+01
-2.700000000000000000e+01
-3.000000000000000000e+01
-2.700000000000000000e+01
-2.700000000000000000e+01
-2.700000000000000000e+01
-2.700000000000000000e+01
-2.700000000000000000e+01
-2.700000000000000000e+01
-2.700000000000000000e+01
-2.700000000000000000e+01
-2.700000000000000000e+01
-1.060000000000000000e+02
-2.700000000000000000e+01
-2.700000000000000000e+01
-2.700000000000000000e+01
-2.700000000000000000e+01
-2.700000000000000000e+01
-2.700000000000000000e+01
-2.700000000000000000e+01
-2.700000000000000000e+01
-1.170000000000000000e+02
-2.700000000000000000e+01
-2.700000000000000000e+01
-2.700000000000000000e+01
-2.700000000000000000e+01
-2.700000000000000000e+01
-2.700000000000000000e+01
-2.700000000000000000e+01
-2.700000000000000000e+01
-2.700000000000000000e+01
-2.700000000000000000e+01
-2.700000000000000000e+01
-2.700000000000000000e+01
-2.700000000000000000e+01
-2.700000000000000000e+01
-3.400000000000000000e+01
-2.700000000000000000e+01
-2.700000000000000000e+01
-2.700000000000000000e+01
-2.700000000000000000e+01
-2.700000000000000000e+01
-2.700000000000000000e+01
-2.700000000000000000e+01
-2.700000000000000000e+01
-2.700000000000000000e+01
-2.700000000000000000e+01
-2.700000000000000000e+01
-2.700000000000000000e+01
-2.700000000000000000e+01
-2.700000000000000000e+01
-2.700000000000000000e+01
-3.200000000000000000e+01
-2.700000000000000000e+01
-2.700000000000000000e+01
-2.700000000000000000e+01
-2.700000000000000000e+01
-2.700000000000000000e+01
-2.700000000000000000e+01
-2.700000000000000000e+01
-2.700000000000000000e+01
-2.700000000000000000e+01
-2.700000000000000000e+01
-2.700000000000000000e+01
-2.700000000000000000e+01
-2.700000000000000000e+01
-2.700000000000000000e+01
-2.700000000000000000e+01
-2.700000000000000000e+01
-2.700000000000000000e+01
-2.700000000000000000e+01
-2.700000000000000000e+01
-2.700000000000000000e+01
-2.700000000000000000e+01
-2.700000000000000000e+01
-2.700000000000000000e+01
-2.700000000000000000e+01
-9.900000000000000000e+01
-2.700000000000000000e+01
-2.700000000000000000e+01
-2.700000000000000000e+01
-2.700000000000000000e+01
-2.700000000000000000e+01
-2.700000000000000000e+01
-9.900000000000000000e+01
-2.700000000000000000e+01
-2.700000000000000000e+01
-2.700000000000000000e+01
-2.700000000000000000e+01
-2.700000000000000000e+01
-9.900000000000000000e+01
-2.700000000000000000e+01
-2.700000000000000000e+01
-2.700000000000000000e+01
-2.700000000000000000e+01
-2.700000000000000000e+01
-2.700000000000000000e+01
-2.700000000000000000e+01
-2.700000000000000000e+01
-2.700000000000000000e+01
-2.700000000000000000e+01
-2.700000000000000000e+01
-2.700000000000000000e+01
-4.000000000000000000e+01
-3.000000000000000000e+01
-2.700000000000000000e+01
-2.700000000000000000e+01
-2.700000000000000000e+01
-2.700000000000000000e+01
-2.700000000000000000e+01
-2.700000000000000000e+01
-2.700000000000000000e+01
-2.700000000000000000e+01
-2.700000000000000000e+01
-3.200000000000000000e+01
-2.700000000000000000e+01
-2.700000000000000000e+01
-2.700000000000000000e+01
-2.700000000000000000e+01
-3.000000000000000000e+01
-1.170000000000000000e+02
-2.700000000000000000e+01
-2.700000000000000000e+01
-1.120000000000000000e+02
-2.700000000000000000e+01
-2.700000000000000000e+01
-2.700000000000000000e+01
-2.700000000000000000e+01
-2.700000000000000000e+01
-3.200000000000000000e+01
-2.700000000000000000e+01
-2.700000000000000000e+01
-2.700000000000000000e+01
-2.700000000000000000e+01
-2.700000000000000000e+01
-2.700000000000000000e+01
-2.700000000000000000e+01
-2.700000000000000000e+01
-2.700000000000000000e+01
-2.700000000000000000e+01
-2.700000000000000000e+01
-2.700000000000000000e+01
-2.700000000000000000e+01
-2.700000000000000000e+01
-2.700000000000000000e+01
-2.700000000000000000e+01
-2.700000000000000000e+01
-2.700000000000000000e+01
-2.700000000000000000e+01
-2.700000000000000000e+01
-2.700000000000000000e+01
-2.700000000000000000e+01
-2.700000000000000000e+01
